YY MM DD hh WD   WSPD GST  WVHT  DPD   APD  MWD  BAR    ATMP  WTMP  DEWP  VIS
92 11 09 00 039 09.4 10.9 99.00 99.00 99.00 999 1016.3  26.1  26.8 999.0 99.0
92 11 09 01 038 09.5 10.6 99.00 99.00 99.00 999 1016.6  25.7  26.7 999.0 99.0
92 11 09 02 037 08.5 09.7 99.00 99.00 99.00 999 1016.6  25.6  26.6 999.0 99.0
92 11 09 03 055 08.4 09.5 99.00 99.00 99.00 999 1017.0  25.9  26.5 999.0 99.0
92 11 09 04 046 09.0 11.1 99.00 99.00 99.00 999 1016.8  25.2  26.5 999.0 99.0
92 11 09 05 047 07.7 08.9 99.00 99.00 99.00 999 1016.3  25.1  26.5 999.0 99.0
92 11 09 06 045 07.1 07.8 99.00 99.00 99.00 999 1016.2  25.6  26.5 999.0 99.0
92 11 09 07 034 08.1 08.9 99.00 99.00 99.00 999 1015.6  25.0  26.5 999.0 99.0
92 11 09 08 023 06.4 07.1 99.00 99.00 99.00 999 1015.6  24.8  26.4 999.0 99.0
92 11 09 09 018 05.1 05.6 99.00 99.00 99.00 999 1015.7  24.3  26.4 999.0 99.0
92 11 09 10 027 06.2 06.5 99.00 99.00 99.00 999 1015.3  24.5  26.3 999.0 99.0
92 11 09 11 032 06.2 08.0 99.00 99.00 99.00 999 1015.9  24.4  26.3 999.0 99.0
92 11 09 12 006 03.1 04.6 99.00 99.00 99.00 999 1016.7  25.2  26.3 999.0 99.0
92 11 09 13 010 05.5 06.0 99.00 99.00 99.00 999 1017.4  24.3  26.3 999.0 99.0
92 11 09 14 015 05.8 06.3 99.00 99.00 99.00 999 1017.9  24.5  26.3 999.0 99.0
92 11 09 15 026 05.8 06.4 99.00 99.00 99.00 999 1018.1  24.8  26.4 999.0 99.0
92 11 09 16 031 03.9 04.2 99.00 99.00 99.00 999 1018.0  25.3  26.6 999.0 99.0
92 11 09 17 030 04.7 05.2 99.00 99.00 99.00 999 1017.6  25.7  26.8 999.0 99.0
92 11 09 18 047 04.6 05.1 99.00 99.00 99.00 999 1016.5  26.0  27.0 999.0 99.0
92 11 09 19 057 04.4 04.7 99.00 99.00 99.00 999 1016.4  26.2  27.3 999.0 99.0
92 11 09 20 049 03.9 04.2 99.00 99.00 99.00 999 1016.3  26.2  27.3 999.0 99.0
92 11 09 21 053 05.9 07.0 99.00 99.00 99.00 999 1016.6  26.5  27.3 999.0 99.0
92 11 09 22 052 05.1 05.7 99.00 99.00 99.00 999 1017.1  25.7  27.2 999.0 99.0
92 11 09 23 056 04.5 04.8 99.00 99.00 99.00 999 1017.2  25.3  27.2 999.0 99.0
92 11 10 00 073 03.5 04.2 99.00 99.00 99.00 999 1017.2  25.8  27.3 999.0 99.0
92 11 10 01 066 04.7 05.3 99.00 99.00 99.00 999 1018.0  25.7  27.1 999.0 99.0
92 11 10 02 072 04.6 05.3 99.00 99.00 99.00 999 1018.0  26.3  26.9 999.0 99.0
92 11 10 03 060 05.9 06.6 99.00 99.00 99.00 999 1018.6  26.6  26.8 999.0 99.0
92 11 10 04 082 09.0 10.0 99.00 99.00 99.00 999 1018.6  25.9  26.8 999.0 99.0
92 11 10 05 087 08.2 09.2 99.00 99.00 99.00 999 1018.4  25.4  26.8 999.0 99.0
92 11 10 06 083 08.1 09.1 99.00 99.00 99.00 999 1018.2  25.4  26.8 999.0 99.0
92 11 10 07 062 06.1 07.3 99.00 99.00 99.00 999 1017.6  25.2  26.8 999.0 99.0
92 11 10 08 083 07.3 08.2 99.00 99.00 99.00 999 1017.5  25.9  26.7 999.0 99.0
92 11 10 09 049 07.8 08.7 99.00 99.00 99.00 999 1017.8  24.4  26.5 999.0 99.0
92 11 10 10 057 08.3 09.8 99.00 99.00 99.00 999 1017.9  24.1  26.4 999.0 99.0
92 11 10 11 063 09.3 10.2 99.00 99.00 99.00 999 1018.1  25.0  26.3 999.0 99.0
92 11 10 12 064 08.3 09.7 99.00 99.00 99.00 999 1018.7  25.8  26.3 999.0 99.0
92 11 10 13 071 06.0 06.6 99.00 99.00 99.00 999 1019.2  25.6  26.3 999.0 99.0
92 11 10 14 077 09.1 10.1 99.00 99.00 99.00 999 1019.5  26.4  26.3 999.0 99.0
92 11 10 15 073 09.0 10.2 99.00 99.00 99.00 999 1020.1  26.7  26.4 999.0 99.0
92 11 10 16 073 08.4 10.1 99.00 99.00 99.00 999 1019.8  25.9  26.5 999.0 99.0
92 11 10 17 078 06.9 07.6 99.00 99.00 99.00 999 1019.3  25.1  26.5 999.0 99.0
92 11 10 18 102 04.1 04.9 99.00 99.00 99.00 999 1019.2  23.6  26.6 999.0 99.0
92 11 10 19 064 04.0 05.1 99.00 99.00 99.00 999 1018.4  24.8  26.6 999.0 99.0
92 11 10 20 062 08.7 10.6 99.00 99.00 99.00 999 1017.9  26.3  26.6 999.0 99.0
92 11 10 21 058 09.5 10.6 99.00 99.00 99.00 999 1017.7  25.5  26.6 999.0 99.0
92 11 10 22 065 08.9 11.1 99.00 99.00 99.00 999 1017.9  25.6  26.6 999.0 99.0
92 11 10 23 075 10.9 12.5 99.00 99.00 99.00 999 1018.1  26.1  26.5 999.0 99.0
92 11 11 00 078 10.4 12.7 99.00 99.00 99.00 999 1018.7  26.0  26.4 999.0 99.0
92 11 11 01 079 09.8 11.4 99.00 99.00 99.00 999 1019.5  26.1  26.3 999.0 99.0
92 11 11 02 071 10.5 12.3 99.00 99.00 99.00 999 1019.7  26.0  26.3 999.0 99.0
92 11 11 03 074 11.0 13.0 99.00 99.00 99.00 999 1019.8  25.8  26.4 999.0 99.0
92 11 11 05 071 12.0 13.4 99.00 99.00 99.00 999 1019.0  25.6  26.2 999.0 99.0
92 11 11 06 076 08.8 09.9 99.00 99.00 99.00 999 1018.5  25.2  26.1 999.0 99.0
92 11 11 07 080 09.5 11.2 99.00 99.00 99.00 999 1018.1  25.4  26.0 999.0 99.0
92 11 11 08 075 10.8 12.2 99.00 99.00 99.00 999 1017.7  25.7  25.9 999.0 99.0
92 11 11 09 080 08.7 09.9 99.00 99.00 99.00 999 1017.7  25.7  25.9 999.0 99.0
92 11 11 10 078 10.4 11.7 99.00 99.00 99.00 999 1017.6  24.1  25.9 999.0 99.0
92 11 11 11 085 08.9 09.9 99.00 99.00 99.00 999 1018.1  24.5  25.8 999.0 99.0
92 11 11 12 098 07.7 08.8 99.00 99.00 99.00 999 1018.7  25.7  25.8 999.0 99.0
92 11 11 13 091 08.0 08.7 99.00 99.00 99.00 999 1019.0  26.2  25.7 999.0 99.0
92 11 11 14 099 08.5 09.7 99.00 99.00 99.00 999 1019.6  26.4  25.7 999.0 99.0
92 11 11 15 105 08.4 09.5 99.00 99.00 99.00 999 1019.7  26.6  25.9 999.0 99.0
92 11 11 16 107 08.2 09.5 99.00 99.00 99.00 999 1019.5  26.5  26.0 999.0 99.0
92 11 11 17 108 07.6 08.7 99.00 99.00 99.00 999 1019.4  26.6  26.2 999.0 99.0
92 11 11 18 113 06.6 07.5 99.00 99.00 99.00 999 1018.6  26.7  26.3 999.0 99.0
92 11 11 19 092 06.2 07.5 99.00 99.00 99.00 999 1017.9  26.0  26.5 999.0 99.0
92 11 11 20 109 08.8 09.8 99.00 99.00 99.00 999 1017.7  26.5  26.5 999.0 99.0
92 11 11 21 104 09.2 10.4 99.00 99.00 99.00 999 1017.7  26.4  26.5 999.0 99.0
92 11 11 22 097 09.3 10.4 99.00 99.00 99.00 999 1017.5  26.3  26.5 999.0 99.0
92 11 11 23 097 09.5 11.1 99.00 99.00 99.00 999 1017.6  25.9  26.4 999.0 99.0
92 11 12 00 097 09.2 10.7 99.00 99.00 99.00 999 1017.9  26.2  26.4 999.0 99.0
92 11 12 01 101 09.8 10.8 99.00 99.00 99.00 999 1018.0  26.2  26.3 999.0 99.0
92 11 12 02 115 09.2 10.6 99.00 99.00 99.00 999 1018.5  26.0  26.2 999.0 99.0
92 11 12 03 110 09.0 10.8 99.00 99.00 99.00 999 1018.6  26.2  26.2 999.0 99.0
92 11 12 04 104 07.7 08.8 99.00 99.00 99.00 999 1018.4  25.0  26.3 999.0 99.0
92 11 12 05 113 07.9 09.3 99.00 99.00 99.00 999 1017.8  26.2  26.3 999.0 99.0
92 11 12 06 102 09.0 11.2 99.00 99.00 99.00 999 1017.7  24.9  26.1 999.0 99.0
92 11 12 07 109 08.1 09.0 99.00 99.00 99.00 999 1017.0  26.1  25.9 999.0 99.0
92 11 12 08 104 07.9 08.7 99.00 99.00 99.00 999 1016.6  26.0  25.9 999.0 99.0
92 11 12 09 113 09.3 10.8 99.00 99.00 99.00 999 1016.3  25.9  25.8 999.0 99.0
92 11 12 10 113 07.7 09.2 99.00 99.00 99.00 999 1016.3  25.8  25.7 999.0 99.0
92 11 12 11 108 08.1 09.4 99.00 99.00 99.00 999 1016.9  25.9  25.6 999.0 99.0
92 11 12 12 102 07.5 08.5 99.00 99.00 99.00 999 1017.1  25.9  25.6 999.0 99.0
92 11 12 13 118 06.7 07.6 99.00 99.00 99.00 999 1017.4  26.1  25.6 999.0 99.0
92 11 12 14 119 08.3 10.1 99.00 99.00 99.00 999 1017.7  26.2  25.7 999.0 99.0
92 11 12 15 123 07.9 09.6 99.00 99.00 99.00 999 1017.9  26.3  25.8 999.0 99.0
92 11 12 16 131 07.3 08.4 99.00 99.00 99.00 999 1017.5  26.3  25.9 999.0 99.0
92 11 12 17 137 07.2 08.1 99.00 99.00 99.00 999 1016.9  26.4  26.0 999.0 99.0
92 11 12 18 141 07.3 07.8 99.00 99.00 99.00 999 1016.3  26.4  26.2 999.0 99.0
92 11 12 19 127 06.5 07.5 99.00 99.00 99.00 999 1015.4  26.4  26.3 999.0 99.0
92 11 12 20 130 06.1 07.0 99.00 99.00 99.00 999 1015.3  26.4  26.4 999.0 99.0
92 11 12 21 140 06.4 07.0 99.00 99.00 99.00 999 1015.3  26.4  26.6 999.0 99.0
92 11 12 22 137 05.7 06.2 99.00 99.00 99.00 999 1015.2  26.4  26.6 999.0 99.0
92 11 12 23 126 04.4 05.1 99.00 99.00 99.00 999 1015.3  26.2  26.5 999.0 99.0
92 11 13 00 129 04.6 05.0 99.00 99.00 99.00 999 1015.5  26.1  26.4 999.0 99.0
92 11 13 01 131 05.3 05.9 99.00 99.00 99.00 999 1015.6  26.2  26.4 999.0 99.0
92 11 13 02 133 04.7 05.1 99.00 99.00 99.00 999 1016.1  26.2  26.3 999.0 99.0
92 11 13 03 140 05.2 05.7 99.00 99.00 99.00 999 1016.3  26.2  26.2 999.0 99.0
92 11 13 04 138 03.9 04.6 99.00 99.00 99.00 999 1016.6  26.2  26.1 999.0 99.0
92 11 13 05 137 03.7 04.2 99.00 99.00 99.00 999 1016.0  26.1  26.3 999.0 99.0
92 11 13 06 129 04.0 04.3 99.00 99.00 99.00 999 1015.4  25.9  26.3 999.0 99.0
92 11 13 07 134 04.0 04.5 99.00 99.00 99.00 999 1015.1  25.8  26.1 999.0 99.0
92 11 13 08 146 04.4 05.0 99.00 99.00 99.00 999 1014.7  25.9  25.9 999.0 99.0
92 11 13 09 152 04.0 04.3 99.00 99.00 99.00 999 1014.3  25.9  25.9 999.0 99.0
92 11 13 10 147 04.5 04.9 99.00 99.00 99.00 999 1014.1  25.8  25.9 999.0 99.0
92 11 13 11 158 04.0 04.6 99.00 99.00 99.00 999 1014.4  25.8  25.8 999.0 99.0
92 11 13 12 161 03.7 04.2 99.00 99.00 99.00 999 1015.0  25.9  25.7 999.0 99.0
92 11 13 13 162 04.3 04.8 99.00 99.00 99.00 999 1015.6  26.3  25.7 999.0 99.0
92 11 13 14 177 03.5 04.1 99.00 99.00 99.00 999 1016.3  26.2  25.8 999.0 99.0
92 11 13 15 171 04.7 05.2 99.00 99.00 99.00 999 1016.6  26.4  25.9 999.0 99.0
92 11 13 16 182 04.4 04.9 99.00 99.00 99.00 999 1016.3  26.5  26.1 999.0 99.0
92 11 13 17 190 04.1 04.4 99.00 99.00 99.00 999 1015.7  26.6  26.3 999.0 99.0
92 11 13 18 187 03.8 04.2 99.00 99.00 99.00 999 1014.9  26.6  26.5 999.0 99.0
92 11 13 19 215 02.9 03.2 99.00 99.00 99.00 999 1014.5  26.7  26.7 999.0 99.0
92 11 13 20 215 01.7 02.1 99.00 99.00 99.00 999 1014.2  26.8  26.8 999.0 99.0
92 11 13 21 287 04.2 04.6 99.00 99.00 99.00 999 1014.4  26.4  27.0 999.0 99.0
92 11 13 22 274 04.7 05.1 99.00 99.00 99.00 999 1014.3  26.0  27.0 999.0 99.0
92 11 13 23 307 02.9 03.4 99.00 99.00 99.00 999 1014.6  26.0  26.9 999.0 99.0
92 11 14 00 317 03.0 03.3 99.00 99.00 99.00 999 1015.3  25.8  26.8 999.0 99.0
92 11 14 01 320 04.6 05.3 99.00 99.00 99.00 999 1016.0  25.8  26.8 999.0 99.0
92 11 14 02 334 04.2 04.9 99.00 99.00 99.00 999 1016.1  25.8  26.7 999.0 99.0
92 11 14 03 344 04.3 05.1 99.00 99.00 99.00 999 1016.3  25.7  26.8 999.0 99.0
92 11 14 04 351 05.3 05.8 99.00 99.00 99.00 999 1016.3  25.6  26.8 999.0 99.0
92 11 14 05 006 04.7 05.9 99.00 99.00 99.00 999 1015.8  25.5  26.7 999.0 99.0
92 11 14 06 022 05.5 06.0 99.00 99.00 99.00 999 1015.3  25.2  26.5 999.0 99.0
92 11 14 07 033 06.2 06.9 99.00 99.00 99.00 999 1015.0  24.9  26.5 999.0 99.0
92 11 14 08 027 05.9 06.7 99.00 99.00 99.00 999 1014.7  24.6  26.5 999.0 99.0
92 11 14 09 023 07.2 08.0 99.00 99.00 99.00 999 1015.0  24.4  26.4 999.0 99.0
92 11 14 10 015 08.3 09.4 99.00 99.00 99.00 999 1015.0  24.0  26.2 999.0 99.0
92 11 14 11 013 07.8 08.6 99.00 99.00 99.00 999 1015.4  24.0  26.1 999.0 99.0
92 11 14 12 017 08.5 09.3 99.00 99.00 99.00 999 1016.3  23.5  26.1 999.0 99.0
92 11 14 13 014 10.1 11.4 99.00 99.00 99.00 999 1016.8  23.4  26.0 999.0 99.0
92 11 14 14 013 10.2 11.5 99.00 99.00 99.00 999 1017.0  23.3  26.1 999.0 99.0
92 11 14 15 012 10.2 11.3 99.00 99.00 99.00 999 1017.4  23.6  26.1 999.0 99.0
92 11 14 16 016 09.6 10.9 99.00 99.00 99.00 999 1017.3  24.1  26.1 999.0 99.0
92 11 14 17 019 09.5 10.7 99.00 99.00 99.00 999 1016.8  24.2  26.2 999.0 99.0
92 11 14 18 014 09.4 10.6 99.00 99.00 99.00 999 1016.5  24.4  26.3 999.0 99.0
92 11 14 19 018 09.0 10.7 99.00 99.00 99.00 999 1016.3  24.6  26.4 999.0 99.0
92 11 14 20 015 09.7 11.1 99.00 99.00 99.00 999 1016.2  24.9  26.4 999.0 99.0
92 11 14 21 010 08.3 09.6 99.00 99.00 99.00 999 1016.0  24.9  26.4 999.0 99.0
92 11 14 22 011 08.2 09.2 99.00 99.00 99.00 999 1016.1  24.9  26.3 999.0 99.0
92 11 14 23 011 09.8 11.0 99.00 99.00 99.00 999 1016.4  24.6  26.2 999.0 99.0
92 11 15 00 014 10.5 11.7 99.00 99.00 99.00 999 1016.8  24.6  26.1 999.0 99.0
92 11 15 01 014 09.9 11.5 99.00 99.00 99.00 999 1017.8  24.3  26.0 999.0 99.0
92 11 15 02 018 09.4 10.9 99.00 99.00 99.00 999 1018.3  23.8  25.8 999.0 99.0
92 11 15 03 011 11.2 13.1 99.00 99.00 99.00 999 1018.3  23.0  25.7 999.0 99.0
92 11 15 04 016 11.8 13.7 99.00 99.00 99.00 999 1018.4  22.2  25.6 999.0 99.0
92 11 15 05 022 12.0 13.2 99.00 99.00 99.00 999 1018.0  21.7  25.4 999.0 99.0
92 11 15 06 020 12.4 13.5 99.00 99.00 99.00 999 1017.8  21.1  25.2 999.0 99.0
92 11 15 07 015 12.2 13.8 99.00 99.00 99.00 999 1017.3  21.3  25.0 999.0 99.0
92 11 15 08 016 12.2 13.4 99.00 99.00 99.00 999 1017.1  21.1  24.8 999.0 99.0
92 11 15 09 018 11.0 12.9 99.00 99.00 99.00 999 1017.1  20.9  24.6 999.0 99.0
92 11 15 10 015 11.0 12.3 99.00 99.00 99.00 999 1017.4  20.8  24.4 999.0 99.0
92 11 15 11 012 10.7 12.1 99.00 99.00 99.00 999 1017.9  20.3  24.3 999.0 99.0
92 11 15 12 013 11.6 12.8 99.00 99.00 99.00 999 1018.7  19.9  24.2 999.0 99.0
92 11 15 13 017 12.4 13.7 99.00 99.00 99.00 999 1019.0  19.7  24.0 999.0 99.0
92 11 15 14 012 10.8 11.8 99.00 99.00 99.00 999 1019.5  20.2  23.9 999.0 99.0
92 11 15 15 016 09.2 10.4 99.00 99.00 99.00 999 1019.9  21.0  23.9 999.0 99.0
92 11 15 16 023 08.2 09.9 99.00 99.00 99.00 999 1019.7  21.9  24.0 999.0 99.0
92 11 15 17 029 09.7 10.9 99.00 99.00 99.00 999 1019.0  22.9  24.1 999.0 99.0
92 11 15 18 044 10.8 11.7 99.00 99.00 99.00 999 1018.1  23.7  24.2 999.0 99.0
92 11 15 19 054 10.7 12.5 99.00 99.00 99.00 999 1017.8  23.9  24.2 999.0 99.0
92 11 15 20 049 10.4 12.2 99.00 99.00 99.00 999 1017.8  24.0  24.2 999.0 99.0
92 11 15 21 046 10.8 12.2 99.00 99.00 99.00 999 1017.5  24.0  24.2 999.0 99.0
92 11 15 22 041 10.4 11.6 99.00 99.00 99.00 999 1018.0  23.9  24.1 999.0 99.0
92 11 15 23 042 10.0 11.0 99.00 99.00 99.00 999 1018.6  23.7  24.0 999.0 99.0
92 11 16 00 032 09.5 11.1 99.00 99.00 99.00 999 1019.0  23.4  23.9 999.0 99.0
92 11 16 01 024 09.5 10.8 99.00 99.00 99.00 999 1019.3  23.1  23.7 999.0 99.0
92 11 16 02 016 09.2 10.2 99.00 99.00 99.00 999 1019.5  22.5  23.6 999.0 99.0
92 11 16 03 016 09.6 10.6 99.00 99.00 99.00 999 1019.6  22.2  23.5 999.0 99.0
92 11 16 04 012 09.5 10.7 99.00 99.00 99.00 999 1019.6  21.8  23.3 999.0 99.0
92 11 16 05 013 09.4 10.7 99.00 99.00 99.00 999 1019.5  21.2  23.3 999.0 99.0
92 11 16 06 012 10.4 11.3 99.00 99.00 99.00 999 1019.2  20.6  23.2 999.0 99.0
92 11 16 07 011 10.1 11.2 99.00 99.00 99.00 999 1018.6  20.0  22.9 999.0 99.0
92 11 16 08 006 10.5 11.7 99.00 99.00 99.00 999 1018.1  19.6  22.9 999.0 99.0
92 11 16 09 009 10.8 12.8 99.00 99.00 99.00 999 1018.1  19.4  22.7 999.0 99.0
92 11 16 10 015 10.6 11.6 99.00 99.00 99.00 999 1018.2  19.4  22.6 999.0 99.0
92 11 16 11 016 10.3 11.5 99.00 99.00 99.00 999 1018.5  19.4  22.5 999.0 99.0
92 11 16 12 012 10.1 11.3 99.00 99.00 99.00 999 1019.0  19.2  22.4 999.0 99.0
92 11 16 13 011 09.7 11.0 99.00 99.00 99.00 999 1019.4  19.1  22.4 999.0 99.0
92 11 16 14 016 09.4 10.6 99.00 99.00 99.00 999 1019.7  19.3  22.4 999.0 99.0
92 11 16 15 015 08.5 09.3 99.00 99.00 99.00 999 1020.1  20.2  22.3 999.0 99.0
92 11 16 16 024 08.1 09.0 99.00 99.00 99.00 999 1019.7  21.2  22.4 999.0 99.0
92 11 16 17 020 07.1 08.3 99.00 99.00 99.00 999 1018.9  21.7  22.4 999.0 99.0
92 11 16 18 043 10.1 11.5 99.00 99.00 99.00 999 1018.0  23.1  22.5 999.0 99.0
92 11 16 19 045 09.9 11.3 99.00 99.00 99.00 999 1017.5  23.1  22.6 999.0 99.0
92 11 16 20 044 10.0 11.1 99.00 99.00 99.00 999 1017.6  23.2  22.6 999.0 99.0
92 11 16 21 045 10.1 11.3 99.00 99.00 99.00 999 1017.4  23.2  22.6 999.0 99.0
92 11 16 22 044 10.0 11.5 99.00 99.00 99.00 999 1017.9  23.1  22.6 999.0 99.0
92 11 16 23 047 08.8 10.2 99.00 99.00 99.00 999 1018.1  23.1  22.6 999.0 99.0
92 11 17 00 043 08.4 10.4 99.00 99.00 99.00 999 1018.2  23.1  22.5 999.0 99.0
92 11 17 01 042 08.1 08.9 99.00 99.00 99.00 999 1018.4  23.0  22.5 999.0 99.0
92 11 17 02 043 07.1 07.9 99.00 99.00 99.00 999 1018.8  22.7  22.4 999.0 99.0
92 11 17 03 041 08.5 10.3 99.00 99.00 99.00 999 1018.5  22.8  22.4 999.0 99.0
92 11 17 04 043 08.1 09.3 99.00 99.00 99.00 999 1018.5  22.7  22.3 999.0 99.0
92 11 17 05 050 08.0 09.2 99.00 99.00 99.00 999 1018.2  22.8  22.3 999.0 99.0
92 11 17 06 047 06.9 07.8 99.00 99.00 99.00 999 1017.7  22.7  22.2 999.0 99.0
92 11 17 07 030 06.5 07.6 99.00 99.00 99.00 999 1017.2  22.0  22.1 999.0 99.0
92 11 17 08 024 07.6 08.2 99.00 99.00 99.00 999 1016.5  21.6  22.1 999.0 99.0
92 11 17 09 027 08.5 10.3 99.00 99.00 99.00 999 1016.4  21.6  22.1 999.0 99.0
92 11 17 10 027 08.3 09.3 99.00 99.00 99.00 999 1016.6  21.4  22.1 999.0 99.0
92 11 17 11 022 07.8 08.4 99.00 99.00 99.00 999 1017.2  21.2  22.0 999.0 99.0
92 11 17 12 027 07.5 08.4 99.00 99.00 99.00 999 1017.2  20.9  21.9 999.0 99.0
92 11 17 13 018 07.3 08.3 99.00 99.00 99.00 999 1017.6  20.7  21.9 999.0 99.0
92 11 17 14 020 07.8 08.7 99.00 99.00 99.00 999 1017.3  20.9  21.9 999.0 99.0
92 11 17 15 028 06.7 07.3 99.00 99.00 99.00 999 1017.5  21.6  22.0 999.0 99.0
92 11 17 16 028 05.0 05.7 99.00 99.00 99.00 999 1017.3  22.3  22.2 999.0 99.0
92 11 17 17 045 06.2 06.7 99.00 99.00 99.00 999 1016.5  23.3  22.4 999.0 99.0
92 11 17 18 052 06.2 06.7 99.00 99.00 99.00 999 1015.5  23.5  22.5 999.0 99.0
92 11 17 19 048 06.0 07.0 99.00 99.00 99.00 999 1014.7  23.7  22.6 999.0 99.0
92 11 17 20 044 06.3 07.0 99.00 99.00 99.00 999 1014.5  23.8  22.7 999.0 99.0
92 11 17 21 051 07.5 08.3 99.00 99.00 99.00 999 1014.3  23.9  22.8 999.0 99.0
92 11 17 22 044 06.8 07.7 99.00 99.00 99.00 999 1014.8  23.7  22.8 999.0 99.0
92 11 17 23 048 07.0 07.7 99.00 99.00 99.00 999 1014.9  23.8  22.7 999.0 99.0
92 11 18 00 043 08.2 09.1 99.00 99.00 99.00 999 1014.9  23.6  22.7 999.0 99.0
92 11 18 01 044 05.7 06.1 99.00 99.00 99.00 999 1015.0  23.3  22.8 999.0 99.0
92 11 18 02 066 06.7 07.7 99.00 99.00 99.00 999 1015.5  24.0  22.8 999.0 99.0
92 11 18 03 060 06.1 06.6 99.00 99.00 99.00 999 1015.5  24.2  22.8 999.0 99.0
92 11 18 04 065 06.4 07.6 99.00 99.00 99.00 999 1015.2  24.1  22.8 999.0 99.0
92 11 18 05 097 06.7 07.4 99.00 99.00 99.00 999 1015.1  23.6  22.8 999.0 99.0
92 11 18 06 071 05.6 06.3 99.00 99.00 99.00 999 1014.6  22.8  22.8 999.0 99.0
92 11 18 07 094 02.9 03.5 99.00 99.00 99.00 999 9999.0  23.2  22.8 999.0 99.0
92 11 18 08 101 05.1 05.7 99.00 99.00 99.00 999 1014.1  21.9  22.8 999.0 99.0
92 11 18 09 067 02.5 02.9 99.00 99.00 99.00 999 1013.3  22.4  22.8 999.0 99.0
92 11 18 10 006 02.4 02.6 99.00 99.00 99.00 999 1013.2  22.6  22.7 999.0 99.0
92 11 18 11 014 09.6 10.9 99.00 99.00 99.00 999 1013.0  22.0  22.7 999.0 99.0
92 11 18 12 029 08.5 09.3 99.00 99.00 99.00 999 1013.9  21.8  22.7 999.0 99.0
92 11 18 13 038 09.3 10.4 99.00 99.00 99.00 999 1014.5  21.6  22.9 999.0 99.0
92 11 18 14 037 07.7 08.8 99.00 99.00 99.00 999 1015.1  22.0  22.9 999.0 99.0
92 11 18 15 027 07.6 08.5 99.00 99.00 99.00 999 1015.4  21.7  22.9 999.0 99.0
92 11 18 16 024 07.8 08.5 99.00 99.00 99.00 999 1014.4  21.6  22.9 999.0 99.0
92 11 18 17 025 06.3 07.4 99.00 99.00 99.00 999 1014.0  22.1  22.9 999.0 99.0
92 11 18 18 055 04.5 04.9 99.00 99.00 99.00 999 1013.2  22.6  23.0 999.0 99.0
92 11 18 19 053 05.9 06.9 99.00 99.00 99.00 999 1012.8  23.4  23.1 999.0 99.0
92 11 18 20 078 04.8 05.4 99.00 99.00 99.00 999 1012.2  23.2  23.2 999.0 99.0
92 11 18 21 038 04.2 04.6 99.00 99.00 99.00 999 1012.4  23.3  23.3 999.0 99.0
92 11 18 22 044 07.0 07.8 99.00 99.00 99.00 999 1013.0  23.9  23.3 999.0 99.0
92 11 18 23 046 09.7 11.1 99.00 99.00 99.00 999 1013.3  23.5  23.3 999.0 99.0
92 11 19 00 035 07.4 08.6 99.00 99.00 99.00 999 1014.1  23.3  23.3 999.0 99.0
92 11 19 01 028 08.1 09.1 99.00 99.00 99.00 999 1014.4  23.2  23.2 999.0 99.0
92 11 19 02 024 07.8 08.5 99.00 99.00 99.00 999 1014.4  23.2  23.2 999.0 99.0
92 11 19 03 013 08.0 09.3 99.00 99.00 99.00 999 1014.8  22.8  23.2 999.0 99.0
92 11 19 04 023 07.0 07.9 99.00 99.00 99.00 999 1014.7  22.5  23.2 999.0 99.0
92 11 19 05 022 07.2 07.9 99.00 99.00 99.00 999 1014.0  22.3  23.1 999.0 99.0
92 11 19 06 019 07.3 08.6 99.00 99.00 99.00 999 1013.3  22.4  23.0 999.0 99.0
92 11 19 07 026 06.4 07.2 99.00 99.00 99.00 999 1013.1  22.5  23.0 999.0 99.0
92 11 19 08 026 06.7 07.6 99.00 99.00 99.00 999 1012.7  22.6  23.0 999.0 99.0
92 11 19 09 016 06.3 07.1 99.00 99.00 99.00 999 1012.7  22.3  22.9 999.0 99.0
92 11 19 10 010 06.1 06.7 99.00 99.00 99.00 999 1012.9  22.0  22.9 999.0 99.0
92 11 19 11 353 06.0 06.7 99.00 99.00 99.00 999 1013.5  21.6  22.9 999.0 99.0
92 11 19 12 004 05.9 06.8 99.00 99.00 99.00 999 1014.1  21.6  22.9 999.0 99.0
92 11 19 13 013 07.4 08.4 99.00 99.00 99.00 999 1014.3  21.8  22.9 999.0 99.0
92 11 19 14 029 07.5 08.3 99.00 99.00 99.00 999 1014.4  22.4  23.0 999.0 99.0
92 11 19 15 030 06.9 07.6 99.00 99.00 99.00 999 1014.7  23.2  23.1 999.0 99.0
92 11 19 16 045 07.7 08.6 99.00 99.00 99.00 999 1014.4  23.9  23.2 999.0 99.0
92 11 19 17 042 06.7 07.4 99.00 99.00 99.00 999 1013.8  24.0  23.4 999.0 99.0
92 11 19 18 049 06.4 07.3 99.00 99.00 99.00 999 1013.0  24.4  23.6 999.0 99.0
92 11 19 19 049 06.9 07.7 99.00 99.00 99.00 999 1012.4  24.5  23.8 999.0 99.0
92 11 19 20 052 07.1 08.1 99.00 99.00 99.00 999 1012.0  24.5  23.9 999.0 99.0
92 11 19 21 047 06.6 07.5 99.00 99.00 99.00 999 1012.1  24.7  24.0 999.0 99.0
92 11 19 22 049 06.9 07.8 99.00 99.00 99.00 999 1012.1  24.6  24.1 999.0 99.0
92 11 19 23 045 07.1 08.0 99.00 99.00 99.00 999 1012.6  24.5  24.0 999.0 99.0
92 11 20 00 035 07.7 08.8 99.00 99.00 99.00 999 1012.9  24.4  24.0 999.0 99.0
92 11 20 01 049 06.7 08.5 99.00 99.00 99.00 999 1013.8  24.1  23.9 999.0 99.0
92 11 20 02 048 07.6 08.4 99.00 99.00 99.00 999 1013.8  24.3  23.9 999.0 99.0
92 11 20 03 053 08.1 08.9 99.00 99.00 99.00 999 1014.1  24.2  23.9 999.0 99.0
92 11 20 04 053 07.6 08.9 99.00 99.00 99.00 999 1013.7  24.4  23.9 999.0 99.0
92 11 20 05 050 08.0 09.0 99.00 99.00 99.00 999 1013.1  24.2  23.8 999.0 99.0
92 11 20 06 060 07.8 08.6 99.00 99.00 99.00 999 1012.7  24.0  23.7 999.0 99.0
92 11 20 07 064 07.6 08.8 99.00 99.00 99.00 999 1012.4  24.1  23.6 999.0 99.0
92 11 20 08 055 07.0 07.8 99.00 99.00 99.00 999 1012.0  24.0  23.5 999.0 99.0
92 11 20 09 065 07.1 08.0 99.00 99.00 99.00 999 1012.2  24.4  23.6 999.0 99.0
92 11 20 10 049 04.9 05.3 99.00 99.00 99.00 999 1012.0  23.9  23.7 999.0 99.0
92 11 20 11 061 05.7 06.3 99.00 99.00 99.00 999 1012.7  23.7  23.7 999.0 99.0
92 11 20 12 049 04.0 04.6 99.00 99.00 99.00 999 1012.7  23.7  23.7 999.0 99.0
92 11 20 13 046 04.7 05.3 99.00 99.00 99.00 999 1013.2  23.9  23.8 999.0 99.0
92 11 20 14 099 04.5 05.3 99.00 99.00 99.00 999 1013.9  24.8  23.8 999.0 99.0
92 11 20 15 104 05.5 06.0 99.00 99.00 99.00 999 1014.2  25.1  23.9 999.0 99.0
92 11 20 16 110 06.3 07.0 99.00 99.00 99.00 999 1014.4  25.7  24.1 999.0 99.0
92 11 20 17 115 06.5 07.3 99.00 99.00 99.00 999 1013.8  26.1  24.2 999.0 99.0
92 11 20 18 118 06.0 07.6 99.00 99.00 99.00 999 1013.2  25.9  24.4 999.0 99.0
92 11 20 19 118 05.7 06.2 99.00 99.00 99.00 999 1012.4  26.0  24.5 999.0 99.0
92 11 20 20 097 06.6 07.8 99.00 99.00 99.00 999 1012.4  25.8  24.6 999.0 99.0
92 11 20 21 106 06.6 07.3 99.00 99.00 99.00 999 1012.4  25.7  24.7 999.0 99.0
92 11 20 22 100 07.2 08.1 99.00 99.00 99.00 999 1013.0  25.6  24.8 999.0 99.0
92 11 20 23 094 08.3 09.1 99.00 99.00 99.00 999 1013.4  25.5  24.7 999.0 99.0
92 11 21 00 100 08.2 09.5 99.00 99.00 99.00 999 1014.0  25.3  24.7 999.0 99.0
92 11 21 01 099 07.3 08.3 99.00 99.00 99.00 999 1014.5  25.2  24.7 999.0 99.0
92 11 21 02 108 07.0 08.0 99.00 99.00 99.00 999 1015.1  25.2  24.6 999.0 99.0
92 11 21 03 112 06.9 08.0 99.00 99.00 99.00 999 1015.0  25.3  24.6 999.0 99.0
92 11 21 04 116 07.1 08.6 99.00 99.00 99.00 999 1015.0  25.5  24.6 999.0 99.0
92 11 21 05 108 07.5 08.2 99.00 99.00 99.00 999 1014.6  25.4  24.6 999.0 99.0
92 11 21 06 104 06.9 07.8 99.00 99.00 99.00 999 1014.0  25.3 999.0 999.0 99.0
92 11 21 07 110 08.7 10.1 99.00 99.00 99.00 999 1013.7  25.3  24.4 999.0 99.0
92 11 21 08 110 07.3 08.4 99.00 99.00 99.00 999 1013.9  25.6  24.4 999.0 99.0
92 11 21 09 115 07.4 08.7 99.00 99.00 99.00 999 1014.0  25.5  24.4 999.0 99.0
92 11 21 10 113 07.5 08.5 99.00 99.00 99.00 999 1013.7  25.5  24.4 999.0 99.0
92 11 21 11 112 07.8 09.5 99.00 99.00 99.00 999 1014.3  25.5  24.4 999.0 99.0
92 11 21 12 098 07.8 09.0 99.00 99.00 99.00 999 1015.0  24.1  24.4 999.0 99.0
92 11 21 13 102 04.8 05.7 99.00 99.00 99.00 999 1015.9  25.1  24.4 999.0 99.0
92 11 21 14 109 07.0 07.9 99.00 99.00 99.00 999 1015.3  25.1  24.4 999.0 99.0
92 11 21 15 109 08.4 09.5 99.00 99.00 99.00 999 1014.8  25.7  24.5 999.0 99.0
92 11 21 16 110 05.8 06.7 99.00 99.00 99.00 999 1015.6  26.2  24.6 999.0 99.0
92 11 21 17 104 06.2 07.0 99.00 99.00 99.00 999 1015.0  25.9 999.0 999.0 99.0
92 11 21 18 103 05.9 06.9 99.00 99.00 99.00 999 1014.1  25.8  24.8 999.0 99.0
92 11 21 19 101 06.2 06.9 99.00 99.00 99.00 999 1013.7  25.9  24.9 999.0 99.0
92 11 21 20 093 06.2 06.9 99.00 99.00 99.00 999 1013.4  25.8  25.0 999.0 99.0
92 11 21 21 099 07.1 08.4 99.00 99.00 99.00 999 1013.2  25.9  25.1 999.0 99.0
92 11 21 22 095 05.9 06.5 99.00 99.00 99.00 999 1013.5  25.7  25.1 999.0 99.0
92 11 21 23 102 06.2 07.1 99.00 99.00 99.00 999 1013.8  25.7  25.1 999.0 99.0
92 11 22 00 125 08.2 09.2 99.00 99.00 99.00 999 1013.9  25.7  25.0 999.0 99.0
92 11 22 01 111 06.6 07.3 99.00 99.00 99.00 999 1014.1  25.8  25.0 999.0 99.0
92 11 22 02 110 05.5 06.4 99.00 99.00 99.00 999 1014.3  25.7  25.1 999.0 99.0
92 11 22 03 109 06.2 06.9 99.00 99.00 99.00 999 1014.5  25.8  25.0 999.0 99.0
92 11 22 04 115 06.5 07.8 99.00 99.00 99.00 999 1014.2  25.4  25.0 999.0 99.0
92 11 22 05 128 07.5 08.5 99.00 99.00 99.00 999 1013.8  25.7  24.9 999.0 99.0
92 11 22 06 123 07.4 08.5 99.00 99.00 99.00 999 1013.6  25.2  24.9 999.0 99.0
92 11 22 07 151 12.2 15.0 99.00 99.00 99.00 999 1013.3  24.1  24.9 999.0 99.0
92 11 22 08 121 06.2 07.2 99.00 99.00 99.00 999 1012.9  25.6  24.8 999.0 99.0
92 11 22 09 134 07.9 08.7 99.00 99.00 99.00 999 1012.9  26.0  24.8 999.0 99.0
92 11 22 10 124 06.5 07.2 99.00 99.00 99.00 999 1012.9  25.6  24.8 999.0 99.0
92 11 22 11 125 07.8 08.6 99.00 99.00 99.00 999 1013.4  24.5 999.0 999.0 99.0
92 11 22 12 128 05.7 06.3 99.00 99.00 99.00 999 1014.0  25.4  24.7 999.0 99.0
92 11 22 13 131 07.4 08.2 99.00 99.00 99.00 999 1014.5  26.2  24.8 999.0 99.0
92 11 22 14 135 08.0 08.7 99.00 99.00 99.00 999 1015.0  25.8  24.8 999.0 99.0
92 11 22 15 142 08.4 09.2 99.00 99.00 99.00 999 1015.5  26.0  24.9 999.0 99.0
92 11 22 16 167 05.3 05.7 99.00 99.00 99.00 999 1015.2  25.5  25.0 999.0 99.0
92 11 22 17 121 06.4 07.0 99.00 99.00 99.00 999 1014.0  24.7  25.1 999.0 99.0
92 11 22 18 153 06.3 07.3 99.00 99.00 99.00 999 1012.7  25.6  25.4 999.0 99.0
92 11 22 19 136 07.5 08.7 99.00 99.00 99.00 999 1012.3  26.1  25.5 999.0 99.0
92 11 22 20 135 07.5 08.8 99.00 99.00 99.00 999 1012.2  26.5  25.5 999.0 99.0
92 11 22 21 140 07.7 08.5 99.00 99.00 99.00 999 1011.9  26.5  25.5 999.0 99.0
92 11 22 22 131 07.0 08.0 99.00 99.00 99.00 999 1012.3  26.3  25.5 999.0 99.0
92 11 22 23 127 07.3 08.3 99.00 99.00 99.00 999 1012.5  26.3  25.5 999.0 99.0
92 11 23 00 135 06.4 07.4 99.00 99.00 99.00 999 1013.4  26.0  25.5 999.0 99.0
92 11 23 01 120 05.9 06.9 99.00 99.00 99.00 999 1013.7  26.2  25.4 999.0 99.0
92 11 23 02 135 06.8 07.6 99.00 99.00 99.00 999 1013.6  26.1  25.4 999.0 99.0
92 11 23 03 122 05.6 06.1 99.00 99.00 99.00 999 1013.9  26.0  25.4 999.0 99.0
92 11 23 04 136 07.2 08.1 99.00 99.00 99.00 999 1014.0  26.3  25.4 999.0 99.0
92 11 23 05 124 05.6 06.3 99.00 99.00 99.00 999 1013.6  26.2  25.3 999.0 99.0
92 11 23 06 127 05.8 06.4 99.00 99.00 99.00 999 1013.0  26.2  25.4 999.0 99.0
92 11 23 07 124 05.8 06.6 99.00 99.00 99.00 999 1012.3  26.1  25.3 999.0 99.0
92 11 23 08 128 05.8 06.7 99.00 99.00 99.00 999 1012.0  26.0  25.2 999.0 99.0
92 11 23 09 129 04.6 05.6 99.00 99.00 99.00 999 1011.8  25.9  25.1 999.0 99.0
92 11 23 10 123 05.5 06.2 99.00 99.00 99.00 999 1011.8  25.7  25.0 999.0 99.0
92 11 23 11 143 05.7 06.2 99.00 99.00 99.00 999 1012.2  25.6  25.0 999.0 99.0
92 11 23 12 154 06.3 07.2 99.00 99.00 99.00 999 1012.6  25.6  25.0 999.0 99.0
92 11 23 13 141 05.2 06.0 99.00 99.00 99.00 999 1012.9  26.0  25.1 999.0 99.0
92 11 23 14 122 05.7 06.7 99.00 99.00 99.00 999 1013.5  26.3  25.2 999.0 99.0
92 11 23 15 136 04.0 04.6 99.00 99.00 99.00 999 1014.3  26.0  25.3 999.0 99.0
92 11 23 16 122 06.3 06.9 99.00 99.00 99.00 999 1013.5  26.3  25.4 999.0 99.0
92 11 23 17 133 06.3 07.2 99.00 99.00 99.00 999 1012.9  26.2  25.6 999.0 99.0
92 11 23 18 149 06.1 06.7 99.00 99.00 99.00 999 1012.3  26.4  25.7 999.0 99.0
92 11 23 19 147 05.6 06.2 99.00 99.00 99.00 999 1011.3  26.5  25.9 999.0 99.0
92 11 23 20 150 05.7 06.7 99.00 99.00 99.00 999 1011.3  26.5  26.0 999.0 99.0
92 11 23 21 144 06.1 06.9 99.00 99.00 99.00 999 1011.2  26.6  26.0 999.0 99.0
92 11 23 22 144 05.8 06.6 99.00 99.00 99.00 999 1011.2  26.4  26.0 999.0 99.0
92 11 23 23 144 05.6 06.4 99.00 99.00 99.00 999 1011.4  26.4  26.0 999.0 99.0
92 11 24 00 140 06.1 06.6 99.00 99.00 99.00 999 1011.9  26.2  26.1 999.0 99.0
92 11 24 01 136 04.6 05.0 99.00 99.00 99.00 999 1012.5  26.4  26.0 999.0 99.0
92 11 24 02 133 05.2 05.6 99.00 99.00 99.00 999 1013.1  26.4  25.9 999.0 99.0
92 11 24 03 133 05.8 06.4 99.00 99.00 99.00 999 1013.3  26.4  25.8 999.0 99.0
92 11 24 04 131 06.2 06.7 99.00 99.00 99.00 999 1013.4  26.4  25.8 999.0 99.0
92 11 24 05 144 05.9 06.3 99.00 99.00 99.00 999 1013.2  26.5  25.8 999.0 99.0
92 11 24 06 133 04.8 05.3 99.00 99.00 99.00 999 1012.8  26.2  25.8 999.0 99.0
92 11 24 07 133 05.4 06.2 99.00 99.00 99.00 999 1012.6  25.2  25.8 999.0 99.0
92 11 24 08 137 04.7 05.6 99.00 99.00 99.00 999 1012.4  26.2  25.8 999.0 99.0
92 11 24 09 127 05.1 06.3 99.00 99.00 99.00 999 1012.3  25.8  25.5 999.0 99.0
92 11 24 10 142 05.5 06.3 99.00 99.00 99.00 999 1012.2  26.3  25.4 999.0 99.0
92 11 24 11 135 06.5 07.2 99.00 99.00 99.00 999 1012.5  26.3  25.4 999.0 99.0
92 11 24 12 141 06.1 07.1 99.00 99.00 99.00 999 1013.3  26.3  25.4 999.0 99.0
92 11 24 13 140 06.3 06.9 99.00 99.00 99.00 999 1013.7  26.4  25.4 999.0 99.0
92 11 24 14 142 05.8 06.5 99.00 99.00 99.00 999 1014.7  26.6  25.5 999.0 99.0
92 11 24 15 144 06.7 07.3 99.00 99.00 99.00 999 1014.8  26.7  25.7 999.0 99.0
92 11 24 16 144 07.6 08.5 99.00 99.00 99.00 999 1014.7  27.1  25.9 999.0 99.0
92 11 24 17 125 07.4 08.0 99.00 99.00 99.00 999 1013.9  27.2  26.1 999.0 99.0
92 11 24 18 123 07.5 08.6 99.00 99.00 99.00 999 1013.1  27.1  26.3 999.0 99.0
92 11 24 19 138 06.9 07.6 99.00 99.00 99.00 999 1012.9  26.9  26.5 999.0 99.0
92 11 24 20 151 06.0 07.1 99.00 99.00 99.00 999 1012.9  26.9  26.6 999.0 99.0
92 11 24 21 138 06.1 06.7 99.00 99.00 99.00 999 1012.9  26.9  26.6 999.0 99.0
92 11 24 22 126 06.3 06.9 99.00 99.00 99.00 999 1013.4  26.8  26.5 999.0 99.0
92 11 24 23 131 05.2 06.0 99.00 99.00 99.00 999 1013.7  26.5  26.4 999.0 99.0
92 11 25 00 117 05.4 06.1 99.00 99.00 99.00 999 1014.4  26.6  26.5 999.0 99.0
92 11 25 01 118 05.5 06.1 99.00 99.00 99.00 999 1015.1  26.6  26.5 999.0 99.0
92 11 25 02 117 05.9 06.4 99.00 99.00 99.00 999 1015.5  26.4  26.5 999.0 99.0
92 11 25 03 119 06.0 06.6 99.00 99.00 99.00 999 1016.0  26.5  26.4 999.0 99.0
92 11 25 04 117 06.1 06.6 99.00 99.00 99.00 999 1016.2  26.5  26.3 999.0 99.0
92 11 25 05 117 05.5 06.2 99.00 99.00 99.00 999 1015.8  26.3  26.2 999.0 99.0
92 11 25 06 115 06.1 06.9 99.00 99.00 99.00 999 1015.8  26.4  26.2 999.0 99.0
92 11 25 07 127 05.7 06.1 99.00 99.00 99.00 999 1015.6  26.3  26.2 999.0 99.0
92 11 25 08 126 05.8 06.6 99.00 99.00 99.00 999 1015.6  26.3  26.2 999.0 99.0
92 11 25 09 135 05.9 06.6 99.00 99.00 99.00 999 1015.9  26.4  26.0 999.0 99.0
92 11 25 10 132 07.4 08.5 99.00 99.00 99.00 999 1016.0  26.4  25.9 999.0 99.0
92 11 25 11 124 07.0 08.0 99.00 99.00 99.00 999 1016.6  26.4  25.8 999.0 99.0
92 11 25 12 122 06.7 07.6 99.00 99.00 99.00 999 1017.1  26.6  25.8 999.0 99.0
92 11 25 13 121 06.0 07.0 99.00 99.00 99.00 999 1017.6  26.6  25.8 999.0 99.0
92 11 25 14 117 07.9 09.1 99.00 99.00 99.00 999 1018.2  26.6  25.8 999.0 99.0
92 11 25 15 116 07.7 09.2 99.00 99.00 99.00 999 1018.9  26.9  26.0 999.0 99.0
92 11 25 16 105 06.3 07.7 99.00 99.00 99.00 999 1018.8  27.0  26.2 999.0 99.0
92 11 25 17 093 06.6 07.8 99.00 99.00 99.00 999 1018.2  26.9  26.4 999.0 99.0
92 11 25 18 122 06.9 07.8 99.00 99.00 99.00 999 1017.1  26.9  26.6 999.0 99.0
92 11 25 19 120 06.7 08.2 99.00 99.00 99.00 999 1016.6  26.8  26.7 999.0 99.0
92 11 25 20 133 06.2 07.1 99.00 99.00 99.00 999 1016.5  26.8  26.8 999.0 99.0
92 11 25 21 115 06.6 07.3 99.00 99.00 99.00 999 1016.4  26.8  26.8 999.0 99.0
92 11 25 22 124 06.5 07.1 99.00 99.00 99.00 999 1016.7  26.7  26.8 999.0 99.0
92 11 25 23 122 06.3 07.3 99.00 99.00 99.00 999 1017.1  26.6  26.6 999.0 99.0
92 11 26 00 121 06.7 07.6 99.00 99.00 99.00 999 1017.7  26.6  26.6 999.0 99.0
92 11 26 01 112 05.9 06.9 99.00 99.00 99.00 999 1018.3  26.6  26.6 999.0 99.0
92 11 26 02 112 06.8 07.2 99.00 99.00 99.00 999 1018.7  26.5  26.6 999.0 99.0
92 11 26 03 123 06.8 07.4 99.00 99.00 99.00 999 1019.2  26.6  26.5 999.0 99.0
92 11 26 04 122 07.1 08.1 99.00 99.00 99.00 999 1019.1  26.6  26.4 999.0 99.0
92 11 26 05 129 07.8 08.8 99.00 99.00 99.00 999 1018.8  26.6  26.3 999.0 99.0
92 11 26 06 126 07.8 08.4 99.00 99.00 99.00 999 1018.4  26.4  26.2 999.0 99.0
92 11 26 07 131 07.7 08.3 99.00 99.00 99.00 999 1017.8  26.4  26.1 999.0 99.0
92 11 26 08 131 07.1 08.0 99.00 99.00 99.00 999 1017.7  26.2  26.1 999.0 99.0
92 11 26 09 130 07.6 08.7 99.00 99.00 99.00 999 1017.5  26.2  26.0 999.0 99.0
92 11 26 10 129 06.7 07.6 99.00 99.00 99.00 999 1017.7  26.1  25.9 999.0 99.0
92 11 26 11 133 06.6 07.3 99.00 99.00 99.00 999 1017.9  26.1  25.8 999.0 99.0
92 11 26 12 126 06.5 07.7 99.00 99.00 99.00 999 1018.2  26.0  25.8 999.0 99.0
92 11 26 13 130 06.5 07.4 99.00 99.00 99.00 999 1018.4  26.3  25.8 999.0 99.0
92 11 26 14 133 07.6 08.6 99.00 99.00 99.00 999 1018.8  26.4  25.8 999.0 99.0
92 11 26 15 132 06.4 07.5 99.00 99.00 99.00 999 1019.1  26.5  25.9 999.0 99.0
92 11 26 16 138 06.6 07.4 99.00 99.00 99.00 999 1018.9  26.6  26.0 999.0 99.0
92 11 26 17 129 06.8 07.5 99.00 99.00 99.00 999 1018.0  26.5  26.2 999.0 99.0
92 11 26 18 133 06.4 07.4 99.00 99.00 99.00 999 1017.0  26.5  26.4 999.0 99.0
92 11 26 19 144 05.8 07.6 99.00 99.00 99.00 999 1016.3  26.5  26.5 999.0 99.0
92 11 26 20 138 05.7 06.2 99.00 99.00 99.00 999 1016.0  26.6  26.6 999.0 99.0
92 11 26 21 134 05.7 06.0 99.00 99.00 99.00 999 1016.0  26.5  26.7 999.0 99.0
92 11 26 22 131 04.5 05.2 99.00 99.00 99.00 999 1016.1  26.4  26.7 999.0 99.0
92 11 26 23 122 03.9 04.3 99.00 99.00 99.00 999 1016.5  26.2  26.6 999.0 99.0
92 11 27 00 126 05.3 05.9 99.00 99.00 99.00 999 1016.8  26.3  26.6 999.0 99.0
92 11 27 01 120 06.1 07.1 99.00 99.00 99.00 999 1017.2  26.1  26.5 999.0 99.0
92 11 27 02 121 06.4 07.5 99.00 99.00 99.00 999 1017.3  26.1  26.5 999.0 99.0
92 11 27 03 121 06.2 06.7 99.00 99.00 99.00 999 1017.3  25.9  26.4 999.0 99.0
92 11 27 04 126 07.0 07.6 99.00 99.00 99.00 999 1017.1  26.0  26.2 999.0 99.0
92 11 27 05 126 05.5 06.0 99.00 99.00 99.00 999 1017.0  26.0  26.1 999.0 99.0
92 11 27 06 145 06.7 07.8 99.00 99.00 99.00 999 1016.4  25.9  26.0 999.0 99.0
92 11 27 07 139 06.0 06.9 99.00 99.00 99.00 999 1015.9  25.9  26.0 999.0 99.0
92 11 27 08 148 05.6 06.2 99.00 99.00 99.00 999 1015.4  25.9  25.9 999.0 99.0
92 11 27 09 143 06.2 07.0 99.00 99.00 99.00 999 1015.0  25.9  25.8 999.0 99.0
92 11 27 10 144 06.4 07.3 99.00 99.00 99.00 999 1014.9  25.9  25.9 999.0 99.0
92 11 27 11 142 04.0 04.4 99.00 99.00 99.00 999 1015.3  25.8  25.7 999.0 99.0
92 11 27 12 145 04.8 05.5 99.00 99.00 99.00 999 1015.7  25.8  25.6 999.0 99.0
92 11 27 13 146 06.1 06.6 99.00 99.00 99.00 999 1015.7  25.9  25.6 999.0 99.0
92 11 27 14 137 04.5 05.3 99.00 99.00 99.00 999 1016.4  26.1  25.7 999.0 99.0
92 11 27 15 147 04.4 05.1 99.00 99.00 99.00 999 1016.5  26.3  25.7 999.0 99.0
92 11 27 16 150 04.4 04.8 99.00 99.00 99.00 999 1016.2  26.2  25.9 999.0 99.0
92 11 27 17 169 03.7 04.0 99.00 99.00 99.00 999 1015.3  26.3  26.0 999.0 99.0
92 11 27 18 174 03.0 03.3 99.00 99.00 99.00 999 1014.2  27.2  26.2 999.0 99.0
92 11 27 19 176 02.5 02.8 99.00 99.00 99.00 999 1013.4  26.8  26.3 999.0 99.0
92 11 27 20 172 02.0 02.1 99.00 99.00 99.00 999 1013.1  26.7  26.4 999.0 99.0
92 11 27 21 185 03.7 04.2 99.00 99.00 99.00 999 1012.9  25.7  26.5 999.0 99.0
92 11 27 22 193 00.3 00.6 99.00 99.00 99.00 999 1013.2  25.5  26.5 999.0 99.0
92 11 27 23 145 01.3 01.5 99.00 99.00 99.00 999 1013.5  25.5  26.5 999.0 99.0
92 11 28 00 161 03.0 03.9 99.00 99.00 99.00 999 1014.2  23.1  26.4 999.0 99.0
92 11 28 01 088 03.4 03.8 99.00 99.00 99.00 999 1014.3  22.7  26.4 999.0 99.0
92 11 28 02 008 01.5 02.1 99.00 99.00 99.00 999 1014.7  23.1  26.3 999.0 99.0
92 11 28 03 135 07.1 07.5 99.00 99.00 99.00 999 1014.9  22.3  26.3 999.0 99.0
92 11 28 04 130 01.9 02.2 99.00 99.00 99.00 999 1015.1  23.2  26.2 999.0 99.0
92 11 28 05 050 03.2 03.5 99.00 99.00 99.00 999 1014.6  23.4  26.0 999.0 99.0
92 11 28 06 012 02.7 03.0 99.00 99.00 99.00 999 1013.5  23.4  25.9 999.0 99.0
92 11 28 07 031 03.5 04.0 99.00 99.00 99.00 999 1013.4  23.5  25.9 999.0 99.0
92 11 28 08 001 05.8 06.4 99.00 99.00 99.00 999 1013.0  23.0  25.8 999.0 99.0
92 11 28 09 358 07.0 07.9 99.00 99.00 99.00 999 1013.3  22.4  25.8 999.0 99.0
92 11 28 10 357 09.2 10.0 99.00 99.00 99.00 999 1013.4  20.8  25.8 999.0 99.0
92 11 28 11 355 10.7 12.0 99.00 99.00 99.00 999 1013.9  19.0  25.6 999.0 99.0
92 11 28 12 001 09.8 10.8 99.00 99.00 99.00 999 1015.0  18.9  25.4 999.0 99.0
92 11 28 13 006 09.6 11.0 99.00 99.00 99.00 999 1015.4  18.9  25.2 999.0 99.0
92 11 28 14 009 09.4 10.6 99.00 99.00 99.00 999 1015.8  19.1  25.1 999.0 99.0
92 11 28 16 011 08.3 09.7 99.00 99.00 99.00 999 1016.0  20.0  25.0 999.0 99.0
92 11 28 17 009 06.3 08.1 99.00 99.00 99.00 999 1015.2  20.1  25.1 999.0 99.0
92 11 28 18 010 07.2 08.4 99.00 99.00 99.00 999 1014.6  20.7  25.1 999.0 99.0
92 11 28 19 001 06.9 08.0 99.00 99.00 99.00 999 1014.4  20.9  25.1 999.0 99.0
92 11 28 20 360 07.1 07.8 99.00 99.00 99.00 999 1014.4  20.9  25.1 999.0 99.0
92 11 28 21 012 07.6 08.7 99.00 99.00 99.00 999 1014.6  20.6  25.0 999.0 99.0
92 11 28 22 354 08.5 10.2 99.00 99.00 99.00 999 1014.7  20.5  24.9 999.0 99.0
92 11 28 23 355 09.6 10.8 99.00 99.00 99.00 999 1015.5  19.6  24.7 999.0 99.0
92 11 29 00 353 09.6 11.4 99.00 99.00 99.00 999 1016.0  19.0  24.5 999.0 99.0
92 11 29 01 003 08.5 10.1 99.00 99.00 99.00 999 1016.7  19.0  24.4 999.0 99.0
92 11 29 02 359 09.4 10.9 99.00 99.00 99.00 999 1017.0  18.5  24.2 999.0 99.0
92 11 29 03 004 10.6 12.2 99.00 99.00 99.00 999 1017.2  18.4  24.0 999.0 99.0
92 11 29 04 360 10.1 11.0 99.00 99.00 99.00 999 1017.1  18.1  23.9 999.0 99.0
92 11 29 05 011 09.7 10.9 99.00 99.00 99.00 999 1016.9  17.6  23.7 999.0 99.0
92 11 29 06 001 09.4 10.7 99.00 99.00 99.00 999 1017.1  16.9  23.5 999.0 99.0
92 11 29 07 011 09.0 09.9 99.00 99.00 99.00 999 1016.8  16.9  23.3 999.0 99.0
92 11 29 08 002 11.5 13.0 99.00 99.00 99.00 999 1016.8  16.9  23.1 999.0 99.0
92 11 29 09 007 09.9 11.1 99.00 99.00 99.00 999 1017.3  16.8  22.9 999.0 99.0
92 11 29 10 006 11.0 12.5 99.00 99.00 99.00 999 1017.4  16.7  22.7 999.0 99.0
92 11 29 11 007 08.9 10.6 99.00 99.00 99.00 999 1018.3  16.5  22.6 999.0 99.0
92 11 29 12 014 10.1 11.9 99.00 99.00 99.00 999 1019.4  16.2  22.5 999.0 99.0
92 11 29 13 016 09.5 10.9 99.00 99.00 99.00 999 1019.9  16.1  22.3 999.0 99.0
92 11 29 14 010 09.4 10.6 99.00 99.00 99.00 999 1020.4  16.1  22.0 999.0 99.0
92 11 29 15 020 09.5 10.8 99.00 99.00 99.00 999 1020.6  16.4  21.8 999.0 99.0
92 11 29 16 014 08.6 09.8 99.00 99.00 99.00 999 1020.8  16.8  21.9 999.0 99.0
92 11 29 17 002 08.3 09.4 99.00 99.00 99.00 999 1020.5  17.6  22.0 999.0 99.0
92 11 29 18 360 08.2 09.2 99.00 99.00 99.00 999 1019.7  17.2  22.1 999.0 99.0
92 11 29 19 008 07.0 08.3 99.00 99.00 99.00 999 1019.3  17.6  22.1 999.0 99.0
92 11 29 20 026 06.6 07.5 99.00 99.00 99.00 999 1019.1  18.0  22.2 999.0 99.0
92 11 29 21 029 06.0 07.0 99.00 99.00 99.00 999 1018.7  18.6  22.2 999.0 99.0
92 11 29 22 024 06.1 06.9 99.00 99.00 99.00 999 1019.1  18.8  22.1 999.0 99.0
92 11 29 23 006 07.3 08.5 99.00 99.00 99.00 999 1019.5  19.1  22.0 999.0 99.0
92 11 30 00 019 06.9 07.5 99.00 99.00 99.00 999 1020.4  18.5  21.8 999.0 99.0
92 11 30 01 028 07.7 08.3 99.00 99.00 99.00 999 1021.0  17.7  21.7 999.0 99.0
92 11 30 02 020 08.3 09.7 99.00 99.00 99.00 999 1021.6  17.0  21.5 999.0 99.0
92 11 30 03 021 08.1 09.2 99.00 99.00 99.00 999 1022.1  16.8  21.3 999.0 99.0
92 11 30 04 017 08.7 09.4 99.00 99.00 99.00 999 1021.9  16.5  21.1 999.0 99.0
92 11 30 05 005 08.0 09.3 99.00 99.00 99.00 999 1021.5  16.2  21.0 999.0 99.0
92 11 30 06 001 08.2 09.2 99.00 99.00 99.00 999 1021.0  16.0  20.9 999.0 99.0
92 11 30 07 001 08.1 09.1 99.00 99.00 99.00 999 1020.6  15.7  20.7 999.0 99.0
92 11 30 08 002 08.7 09.7 99.00 99.00 99.00 999 1020.5  15.5  20.6 999.0 99.0
92 11 30 09 002 08.4 09.9 99.00 99.00 99.00 999 1020.3  15.5  20.4 999.0 99.0
92 11 30 10 004 08.4 09.4 99.00 99.00 99.00 999 1020.5  15.2  20.2 999.0 99.0
92 11 30 11 002 09.1 10.3 99.00 99.00 99.00 999 1021.3  15.2  20.0 999.0 99.0
92 11 30 12 003 10.2 11.6 99.00 99.00 99.00 999 1022.2  14.7  19.9 999.0 99.0
92 11 30 13 010 09.8 11.2 99.00 99.00 99.00 999 1022.3  14.3  19.8 999.0 99.0
92 11 30 14 012 08.1 09.0 99.00 99.00 99.00 999 1022.9  14.4  19.7 999.0 99.0
92 11 30 15 006 07.6 08.4 99.00 99.00 99.00 999 1022.7  15.1  19.7 999.0 99.0
92 11 30 16 007 06.2 06.6 99.00 99.00 99.00 999 1022.4  15.9  19.8 999.0 99.0
92 11 30 17 008 06.8 07.5 99.00 99.00 99.00 999 1021.6  17.2  20.0 999.0 99.0
92 11 30 18 357 05.8 06.4 99.00 99.00 99.00 999 1020.4  18.2  20.2 999.0 99.0
92 11 30 19 357 05.4 05.9 99.00 99.00 99.00 999 1019.7  18.8  20.4 999.0 99.0
92 11 30 20 355 04.9 05.5 99.00 99.00 99.00 999 1019.4  19.5  20.5 999.0 99.0
92 11 30 21 007 03.5 03.9 99.00 99.00 99.00 999 1018.9  19.9  20.5 999.0 99.0
92 11 30 22 355 03.8 04.2 99.00 99.00 99.00 999 1018.9  20.1  20.5 999.0 99.0
92 11 30 23 335 04.9 05.9 99.00 99.00 99.00 999 1018.8  20.0  20.5 999.0 99.0
92 12 01 00 345 06.5 07.2 99.00 99.00 99.00 999 1019.4  19.6  20.5 999.0 99.0
92 12 01 01 344 06.2 06.6 99.00 99.00 99.00 999 1019.5  19.5  20.4 999.0 99.0
92 12 01 02 348 05.3 06.0 99.00 99.00 99.00 999 1019.7  19.5  20.3 999.0 99.0
92 12 01 03 357 06.7 07.2 99.00 99.00 99.00 999 1019.6  19.1  20.2 999.0 99.0
92 12 01 04 007 07.9 08.7 99.00 99.00 99.00 999 1019.5  18.8  20.1 999.0 99.0
92 12 01 05 013 06.9 08.0 99.00 99.00 99.00 999 1019.0  18.5  20.0 999.0 99.0
92 12 01 06 009 07.6 08.1 99.00 99.00 99.00 999 1018.5  18.3  19.9 999.0 99.0
92 12 01 07 013 07.6 08.6 99.00 99.00 99.00 999 1018.4  17.7  19.8 999.0 99.0
92 12 01 08 014 07.6 08.7 99.00 99.00 99.00 999 1018.2  17.5  19.7 999.0 99.0
92 12 01 09 360 07.8 08.9 99.00 99.00 99.00 999 1018.1  17.3  19.7 999.0 99.0
92 12 01 10 004 06.4 07.4 99.00 99.00 99.00 999 1017.9  17.1  19.6 999.0 99.0
92 12 01 11 013 05.7 06.2 99.00 99.00 99.00 999 1018.4  17.0  19.4 999.0 99.0
92 12 01 12 002 07.4 08.1 99.00 99.00 99.00 999 1019.1  16.8  19.3 999.0 99.0
92 12 01 13 010 08.0 09.1 99.00 99.00 99.00 999 1019.7  16.6  19.2 999.0 99.0
92 12 01 14 006 08.1 09.1 99.00 99.00 99.00 999 1020.4  16.1  19.1 999.0 99.0
92 12 01 15 001 06.9 07.7 99.00 99.00 99.00 999 1020.8  16.5  19.1 999.0 99.0
92 12 01 16 342 07.5 08.3 99.00 99.00 99.00 999 1020.5  17.2  19.2 999.0 99.0
92 12 01 17 006 06.0 06.9 99.00 99.00 99.00 999 1019.7  17.4  19.4 999.0 99.0
92 12 01 18 355 05.4 05.9 99.00 99.00 99.00 999 1018.7  18.0  19.5 999.0 99.0
92 12 01 19 348 04.3 05.1 99.00 99.00 99.00 999 1017.9  18.6  19.7 999.0 99.0
92 12 01 20 002 04.1 04.5 99.00 99.00 99.00 999 1017.6  19.1  19.8 999.0 99.0
92 12 01 21 003 04.2 04.5 99.00 99.00 99.00 999 1017.4  19.5  19.9 999.0 99.0
92 12 01 22 010 03.9 04.3 99.00 99.00 99.00 999 1017.6  19.4  19.8 999.0 99.0
92 12 01 23 008 04.1 04.5 99.00 99.00 99.00 999 1017.8  19.6  19.8 999.0 99.0
92 12 02 00 017 05.3 05.8 99.00 99.00 99.00 999 1018.3  19.5  19.7 999.0 99.0
92 12 02 01 016 05.3 05.8 99.00 99.00 99.00 999 1018.5  19.3  19.6 999.0 99.0
92 12 02 02 017 05.8 06.4 99.00 99.00 99.00 999 1019.1  19.2  19.5 999.0 99.0
92 12 02 03 019 06.2 07.1 99.00 99.00 99.00 999 1019.3  18.7  19.4 999.0 99.0
92 12 02 04 030 05.5 06.1 99.00 99.00 99.00 999 1019.2  18.4  19.4 999.0 99.0
92 12 02 05 036 04.6 05.1 99.00 99.00 99.00 999 1019.0  18.2  19.3 999.0 99.0
92 12 02 06 023 04.6 05.1 99.00 99.00 99.00 999 1018.9  18.2  19.2 999.0 99.0
92 12 02 07 026 04.3 04.7 99.00 99.00 99.00 999 1018.5  18.2  19.2 999.0 99.0
92 12 02 08 016 05.4 05.8 99.00 99.00 99.00 999 1018.4  17.9  19.1 999.0 99.0
92 12 02 09 023 05.6 06.2 99.00 99.00 99.00 999 1018.6  17.8  19.1 999.0 99.0
92 12 02 10 034 06.2 06.7 99.00 99.00 99.00 999 1018.5  17.6  19.0 999.0 99.0
92 12 02 11 040 06.1 06.8 99.00 99.00 99.00 999 1018.9  17.5  18.9 999.0 99.0
92 12 02 12 018 06.4 07.4 99.00 99.00 99.00 999 1019.5  17.1  18.8 999.0 99.0
92 12 02 13 022 06.1 06.6 99.00 99.00 99.00 999 1020.1  16.8  18.7 999.0 99.0
92 12 02 14 034 05.0 05.3 99.00 99.00 99.00 999 1020.7  17.1  18.7 999.0 99.0
92 12 02 15 031 04.2 04.5 99.00 99.00 99.00 999 1021.1  17.2  18.9 999.0 99.0
92 12 02 16 055 03.2 03.5 99.00 99.00 99.00 999 1020.8  17.5  19.0 999.0 99.0
92 12 02 17 015 02.4 03.0 99.00 99.00 99.00 999 1020.2  17.9  19.2 999.0 99.0
92 12 02 18 328 00.1 00.3 99.00 99.00 99.00 999 1018.8  18.2  19.4 999.0 99.0
92 12 02 19 329 02.3 02.5 99.00 99.00 99.00 999 1018.6  18.7  19.6 999.0 99.0
92 12 02 20 331 02.5 02.8 99.00 99.00 99.00 999 1018.3  19.0  19.7 999.0 99.0
92 12 02 21 310 03.7 04.0 99.00 99.00 99.00 999 1018.4  19.6  19.8 999.0 99.0
92 12 02 22 308 02.6 02.4 99.00 99.00 99.00 999 1018.4  19.7  19.8 999.0 99.0
92 12 02 23 304 03.9 04.2 99.00 99.00 99.00 999 1019.2  19.8  19.7 999.0 99.0
92 12 03 00 297 02.7 02.9 99.00 99.00 99.00 999 1019.8  19.8  19.7 999.0 99.0
92 12 03 01 296 02.4 02.6 99.00 99.00 99.00 999 1020.2  19.6  19.6 999.0 99.0
92 12 03 02 274 01.1 01.2 99.00 99.00 99.00 999 1020.5  19.6  19.5 999.0 99.0
92 12 03 03 223 00.8 00.8 99.00 99.00 99.00 999 1020.4  19.3  19.5 999.0 99.0
92 12 03 04 259 01.9 02.1 99.00 99.00 99.00 999 1020.2  19.4  19.6 999.0 99.0
92 12 03 05 278 02.3 02.6 99.00 99.00 99.00 999 1019.7  19.5  19.6 999.0 99.0
92 12 03 06 246 01.5 01.8 99.00 99.00 99.00 999 1019.3  19.3  19.6 999.0 99.0
92 12 03 07 263 01.7 01.9 99.00 99.00 99.00 999 1019.0  19.3  19.5 999.0 99.0
92 12 03 08 275 01.8 01.9 99.00 99.00 99.00 999 1018.8  19.4  19.4 999.0 99.0
92 12 03 09 317 02.1 02.3 99.00 99.00 99.00 999 1019.1  19.6  19.4 999.0 99.0
92 12 03 10 360 00.7 00.8 99.00 99.00 99.00 999 1019.3  19.7  19.3 999.0 99.0
92 12 03 11 338 01.9 02.0 99.00 99.00 99.00 999 1019.8  19.5  19.3 999.0 99.0
92 12 03 12 021 09.9 11.0 99.00 99.00 99.00 999 1021.0  17.2  19.3 999.0 99.0
92 12 03 13 018 07.8 08.8 99.00 99.00 99.00 999 1021.5  16.6  19.3 999.0 99.0
92 12 09 11 027 05.8 06.1 99.00 99.00 99.00 999 1017.7  20.1  22.6 999.0 99.0
92 12 09 12 035 05.8 06.5 99.00 99.00 99.00 999 1018.4  20.3  22.5 999.0 99.0
92 12 09 13 035 07.3 08.0 99.00 99.00 99.00 999 1018.9  20.3  22.5 999.0 99.0
92 12 09 14 028 06.8 07.3 99.00 99.00 99.00 999 1019.3  20.4  22.5 999.0 99.0
92 12 09 15 037 06.1 06.6 99.00 99.00 99.00 999 1019.4  20.7  22.6 999.0 99.0
92 12 09 16 036 06.4 07.3 99.00 99.00 99.00 999 1018.8  21.3  22.8 999.0 99.0
92 12 09 17 033 06.0 06.4 99.00 99.00 99.00 999 1018.2  21.7  23.0 999.0 99.0
92 12 09 18 033 05.8 06.5 99.00 99.00 99.00 999 1017.1  22.4  23.1 999.0 99.0
92 12 09 19 054 04.9 05.4 99.00 99.00 99.00 999 1016.5  23.0  23.3 999.0 99.0
92 12 09 20 056 06.3 06.9 99.00 99.00 99.00 999 1016.0  23.1  23.5 999.0 99.0
92 12 09 21 043 05.8 06.4 99.00 99.00 99.00 999 1016.0  23.2  23.5 999.0 99.0
92 12 09 22 049 05.7 06.3 99.00 99.00 99.00 999 1015.9  23.1  23.4 999.0 99.0
92 12 09 23 051 06.0 06.9 99.00 99.00 99.00 999 1016.1  22.7  23.4 999.0 99.0
92 12 10 00 044 04.1 05.7 99.00 99.00 99.00 999 1016.4  22.9  23.5 999.0 99.0
92 12 10 01 110 06.8 07.7 99.00 99.00 99.00 999 1017.1  23.4  23.5 999.0 99.0
92 12 10 02 120 04.6 05.1 99.00 99.00 99.00 999 1017.9  21.8  23.5 999.0 99.0
92 12 10 03 254 02.4 04.6 99.00 99.00 99.00 999 1017.8  21.4  23.5 999.0 99.0
92 12 10 04 123 05.9 07.0 99.00 99.00 99.00 999 1017.5  23.8  23.4 999.0 99.0
92 12 10 05 124 06.4 07.2 99.00 99.00 99.00 999 1017.0  23.9  23.4 999.0 99.0
92 12 10 06 149 06.3 07.0 99.00 99.00 99.00 999 1016.5  24.2  23.3 999.0 99.0
92 12 10 07 163 05.6 06.1 99.00 99.00 99.00 999 1016.0  24.3  23.2 999.0 99.0
92 12 10 08 160 04.4 04.8 99.00 99.00 99.00 999 1015.7  24.2  23.3 999.0 99.0
92 12 10 09 158 04.1 05.0 99.00 99.00 99.00 999 1015.0  23.9  23.1 999.0 99.0
92 12 10 10 174 04.8 05.5 99.00 99.00 99.00 999 1014.5  24.1  23.0 999.0 99.0
92 12 10 11 170 04.1 04.3 99.00 99.00 99.00 999 1014.7  24.0  22.9 999.0 99.0
92 12 10 12 182 04.4 04.7 99.00 99.00 99.00 999 1014.5  24.0  22.9 999.0 99.0
92 12 10 13 204 04.6 05.1 99.00 99.00 99.00 999 1015.1  24.2  22.9 999.0 99.0
92 12 10 14 201 04.2 04.5 99.00 99.00 99.00 999 1015.7  24.3  22.9 999.0 99.0
92 12 10 15 190 04.6 05.0 99.00 99.00 99.00 999 1016.2  24.7  23.1 999.0 99.0
92 12 10 16 200 05.3 05.9 99.00 99.00 99.00 999 1016.1  24.8  23.3 999.0 99.0
92 12 10 17 199 06.1 06.8 99.00 99.00 99.00 999 1014.8  24.7  23.5 999.0 99.0
92 12 10 18 217 05.2 05.8 99.00 99.00 99.00 999 1013.9  24.5  23.5 999.0 99.0
92 12 10 19 223 04.3 04.7 99.00 99.00 99.00 999 1012.8  24.4  23.6 999.0 99.0
92 12 10 20 253 06.2 06.9 99.00 99.00 99.00 999 1012.4  24.5  23.7 999.0 99.0
92 12 10 21 261 06.5 07.2 99.00 99.00 99.00 999 1012.2  24.1  23.7 999.0 99.0
92 12 10 22 263 08.3 09.2 99.00 99.00 99.00 999 1012.1  24.0  23.6 999.0 99.0
92 12 10 23 277 09.1 10.2 99.00 99.00 99.00 999 1012.4  23.5  23.6 999.0 99.0
92 12 11 00 295 09.3 10.1 99.00 99.00 99.00 999 1013.1  22.8  23.6 999.0 99.0
92 12 11 01 312 08.4 09.4 99.00 99.00 99.00 999 1013.6  22.1  23.6 999.0 99.0
92 12 11 02 316 09.4 10.8 99.00 99.00 99.00 999 1014.2  21.7  23.6 999.0 99.0
92 12 11 03 312 09.2 10.1 99.00 99.00 99.00 999 1014.3  21.5  23.5 999.0 99.0
92 12 11 04 326 07.7 08.7 99.00 99.00 99.00 999 1014.5  20.9  23.3 999.0 99.0
92 12 11 05 316 08.0 08.8 99.00 99.00 99.00 999 1014.6  20.6  23.2 999.0 99.0
92 12 11 06 306 07.7 09.2 99.00 99.00 99.00 999 1014.3  20.4  23.0 999.0 99.0
92 12 11 07 314 07.0 08.0 99.00 99.00 99.00 999 1013.8  20.6  22.7 999.0 99.0
92 12 11 08 303 07.0 07.7 99.00 99.00 99.00 999 1013.5  20.7  22.6 999.0 99.0
92 12 11 09 306 07.2 08.5 99.00 99.00 99.00 999 1013.5  20.8  22.6 999.0 99.0
92 12 11 10 297 07.6 08.8 99.00 99.00 99.00 999 1013.1  21.2  22.4 999.0 99.0
92 12 11 11 299 08.5 09.2 99.00 99.00 99.00 999 1013.5  21.5  22.3 999.0 99.0
92 12 11 12 300 08.8 09.9 99.00 99.00 99.00 999 1013.8  21.7  22.2 999.0 99.0
92 12 11 13 304 08.2 09.5 99.00 99.00 99.00 999 1014.2  21.7  22.1 999.0 99.0
92 12 11 14 330 09.9 11.1 99.00 99.00 99.00 999 1015.1  21.1  22.0 999.0 99.0
92 12 11 15 359 08.2 09.2 99.00 99.00 99.00 999 1015.8  19.7  22.1 999.0 99.0
92 12 11 16 346 08.2 09.5 99.00 99.00 99.00 999 1016.0  19.5  22.2 999.0 99.0
92 12 11 17 329 08.8 10.3 99.00 99.00 99.00 999 1015.4  19.4  22.4 999.0 99.0
92 12 11 18 315 09.4 11.1 99.00 99.00 99.00 999 1014.7  19.4  22.4 999.0 99.0
92 12 11 19 317 11.0 12.8 99.00 99.00 99.00 999 1014.1  19.5  22.5 999.0 99.0
92 12 11 20 316 11.3 12.8 99.00 99.00 99.00 999 1014.0  19.2  22.4 999.0 99.0
92 12 11 21 319 11.0 12.4 99.00 99.00 99.00 999 1014.2  19.0  22.2 999.0 99.0
92 12 11 22 310 12.1 14.2 99.00 99.00 99.00 999 1014.5  18.5  22.0 999.0 99.0
92 12 11 23 315 10.8 12.8 99.00 99.00 99.00 999 1014.6  18.4  21.7 999.0 99.0
92 12 12 00 319 11.2 13.6 99.00 99.00 99.00 999 1015.1  18.0  21.5 999.0 99.0
92 12 12 01 325 11.0 13.3 99.00 99.00 99.00 999 1015.3  17.9  21.2 999.0 99.0
92 12 12 02 327 10.1 11.7 99.00 99.00 99.00 999 1015.9  17.9  21.1 999.0 99.0
92 12 12 03 326 09.9 11.3 99.00 99.00 99.00 999 1016.2  18.1  20.9 999.0 99.0
92 12 12 04 328 10.4 11.8 99.00 99.00 99.00 999 1016.4  17.8  20.8 999.0 99.0
92 12 12 05 347 08.1 09.1 99.00 99.00 99.00 999 1016.0  17.2  20.6 999.0 99.0
92 12 12 06 346 07.2 07.8 99.00 99.00 99.00 999 1015.7  17.1  20.5 999.0 99.0
92 12 12 07 353 08.4 09.8 99.00 99.00 99.00 999 1015.4  16.7  20.2 999.0 99.0
92 12 12 08 359 06.4 07.6 99.00 99.00 99.00 999 1015.3  15.9  20.2 999.0 99.0
92 12 12 09 360 08.1 08.8 99.00 99.00 99.00 999 1015.4  15.5  20.2 999.0 99.0
92 12 12 10 003 07.8 09.1 99.00 99.00 99.00 999 1015.7  14.5  20.1 999.0 99.0
92 12 12 11 009 08.3 09.6 99.00 99.00 99.00 999 1015.8  14.3  20.1 999.0 99.0
92 12 12 12 003 07.9 08.8 99.00 99.00 99.00 999 1016.3  14.4  19.9 999.0 99.0
92 12 12 13 008 07.8 08.7 99.00 99.00 99.00 999 1016.6  14.3  19.8 999.0 99.0
92 12 12 14 007 07.5 08.5 99.00 99.00 99.00 999 1017.0  14.3  19.7 999.0 99.0
92 12 12 15 005 07.3 08.5 99.00 99.00 99.00 999 1017.7  14.3  19.7 999.0 99.0
92 12 12 16 360 06.3 07.5 99.00 99.00 99.00 999 1017.4  15.4  19.8 999.0 99.0
92 12 12 17 342 05.3 06.0 99.00 99.00 99.00 999 1016.5  15.8  19.8 999.0 99.0
92 12 12 18 322 06.2 06.9 99.00 99.00 99.00 999 1015.5  17.1  19.9 999.0 99.0
92 12 12 19 321 06.1 07.0 99.00 99.00 99.00 999 1014.8  17.2  20.0 999.0 99.0
92 12 12 20 309 06.7 07.8 99.00 99.00 99.00 999 1014.8  17.1  20.1 999.0 99.0
92 12 12 21 310 06.8 07.7 99.00 99.00 99.00 999 1015.2  17.1  20.2 999.0 99.0
92 12 12 22 301 06.0 06.7 99.00 99.00 99.00 999 1015.3  17.3  20.2 999.0 99.0
92 12 12 23 304 05.5 06.2 99.00 99.00 99.00 999 1015.8  17.4  20.1 999.0 99.0
92 12 13 00 298 03.9 04.8 99.00 99.00 99.00 999 1016.3  17.5  20.0 999.0 99.0
92 12 13 01 327 02.2 02.6 99.00 99.00 99.00 999 1016.9  17.6  19.9 999.0 99.0
92 12 13 02 295 02.8 03.4 99.00 99.00 99.00 999 1017.2  17.7  19.9 999.0 99.0
92 12 13 03 310 03.4 04.0 99.00 99.00 99.00 999 1017.6  17.7  19.9 999.0 99.0
92 12 13 04 336 03.6 04.4 99.00 99.00 99.00 999 1017.7  17.7  19.9 999.0 99.0
92 12 13 05 354 03.5 03.8 99.00 99.00 99.00 999 1017.6  17.3  19.7 999.0 99.0
92 12 13 06 012 04.2 04.6 99.00 99.00 99.00 999 1017.2  16.4  19.6 999.0 99.0
92 12 13 07 007 04.1 04.5 99.00 99.00 99.00 999 1016.9  16.1  19.5 999.0 99.0
92 12 13 08 018 03.2 03.9 99.00 99.00 99.00 999 1016.9  15.9  19.5 999.0 99.0
92 12 13 09 007 02.6 03.0 99.00 99.00 99.00 999 1017.1  15.8  19.5 999.0 99.0
92 12 13 10 023 03.1 03.5 99.00 99.00 99.00 999 1017.2  15.8  19.3 999.0 99.0
92 12 13 11 038 02.8 03.3 99.00 99.00 99.00 999 1017.5  15.9  19.1 999.0 99.0
92 12 13 12 041 02.9 03.5 99.00 99.00 99.00 999 1018.0  16.1  19.1 999.0 99.0
92 12 13 13 044 03.2 03.7 99.00 99.00 99.00 999 1018.6  15.9  19.2 999.0 99.0
92 12 13 14 053 02.7 03.2 99.00 99.00 99.00 999 1018.9  16.5  19.2 999.0 99.0
92 12 13 15 036 02.8 03.2 99.00 99.00 99.00 999 1019.0  16.7  19.3 999.0 99.0
92 12 13 16 008 01.7 01.9 99.00 99.00 99.00 999 1019.0  17.1  19.4 999.0 99.0
92 12 13 17 352 02.1 02.5 99.00 99.00 99.00 999 1018.5  17.3  19.5 999.0 99.0
92 12 13 18 014 03.3 04.3 99.00 99.00 99.00 999 1017.7  17.7  19.7 999.0 99.0
92 12 13 19 015 03.1 03.5 99.00 99.00 99.00 999 1017.2  18.2  19.9 999.0 99.0
92 12 13 20 028 02.9 03.2 99.00 99.00 99.00 999 1017.2  18.7  20.0 999.0 99.0
92 12 13 21 030 02.4 02.7 99.00 99.00 99.00 999 1017.0  19.1  20.1 999.0 99.0
92 12 13 22 047 04.1 04.7 99.00 99.00 99.00 999 1017.1  19.6  20.1 999.0 99.0
92 12 13 23 054 04.3 04.6 99.00 99.00 99.00 999 1017.3  19.5  20.1 999.0 99.0
92 12 14 00 046 04.9 05.5 99.00 99.00 99.00 999 1017.6  19.5  20.0 999.0 99.0
92 12 14 01 041 05.4 06.1 99.00 99.00 99.00 999 1018.0  19.6  20.0 999.0 99.0
92 12 14 02 019 05.2 05.9 99.00 99.00 99.00 999 1018.5  19.3  20.0 999.0 99.0
92 12 14 03 031 05.1 05.8 99.00 99.00 99.00 999 1018.7  18.8  19.9 999.0 99.0
92 12 14 04 030 05.6 06.4 99.00 99.00 99.00 999 1018.4  18.9  19.8 999.0 99.0
92 12 14 05 052 04.4 04.9 99.00 99.00 99.00 999 1018.1  19.8  19.8 999.0 99.0
92 12 14 06 026 06.2 07.1 99.00 99.00 99.00 999 1018.0  18.6  19.7 999.0 99.0
92 12 14 07 030 06.8 07.8 99.00 99.00 99.00 999 1017.8  18.5  19.6 999.0 99.0
92 12 14 08 025 06.4 07.6 99.00 99.00 99.00 999 1017.8  18.2  19.5 999.0 99.0
92 12 14 09 015 05.6 06.4 99.00 99.00 99.00 999 1017.6  18.1  19.5 999.0 99.0
92 12 14 10 018 06.2 06.7 99.00 99.00 99.00 999 1017.7  17.6  19.4 999.0 99.0
92 12 14 11 022 05.6 06.1 99.00 99.00 99.00 999 1017.8  17.7  19.4 999.0 99.0
92 12 14 12 020 06.1 06.9 99.00 99.00 99.00 999 1018.4  17.8  19.3 999.0 99.0
92 12 14 13 019 05.8 06.2 99.00 99.00 99.00 999 1019.1  17.7  19.3 999.0 99.0
92 12 14 14 038 05.1 05.7 99.00 99.00 99.00 999 1019.4  18.4  19.4 999.0 99.0
92 12 14 15 041 05.4 06.1 99.00 99.00 99.00 999 1019.9  19.1  19.4 999.0 99.0
92 12 14 16 051 04.5 05.0 99.00 99.00 99.00 999 1019.8  19.6  19.5 999.0 99.0
92 12 14 17 019 04.8 05.3 99.00 99.00 99.00 999 1019.5  19.8  19.7 999.0 99.0
92 12 14 18 029 04.8 05.9 99.00 99.00 99.00 999 1018.8  20.7  19.9 999.0 99.0
92 12 14 19 048 04.8 05.2 99.00 99.00 99.00 999 1017.9  20.9  20.1 999.0 99.0
92 12 14 20 050 04.3 04.7 99.00 99.00 99.00 999 1017.6  20.9  20.2 999.0 99.0
92 12 14 21 055 05.3 05.8 99.00 99.00 99.00 999 1017.7  21.0  20.3 999.0 99.0
92 12 14 22 052 05.5 06.3 99.00 99.00 99.00 999 1017.6  20.9  20.3 999.0 99.0
92 12 14 23 061 05.4 06.1 99.00 99.00 99.00 999 1017.9  20.8  20.3 999.0 99.0
92 12 15 00 048 05.3 05.9 99.00 99.00 99.00 999 1018.3  20.8  20.2 999.0 99.0
92 12 15 01 039 07.2 08.2 99.00 99.00 99.00 999 1018.3  20.8  20.2 999.0 99.0
92 12 15 02 039 05.0 05.8 99.00 99.00 99.00 999 1018.5  20.7  20.2 999.0 99.0
92 12 15 03 035 05.5 06.1 99.00 99.00 99.00 999 1018.9  20.7  20.1 999.0 99.0
92 12 15 04 046 05.3 05.8 99.00 99.00 99.00 999 1018.2  20.6  20.1 999.0 99.0
92 12 15 05 056 04.9 05.5 99.00 99.00 99.00 999 1018.1  21.0  20.1 999.0 99.0
92 12 15 06 073 05.3 06.2 99.00 99.00 99.00 999 1018.0  21.2  20.0 999.0 99.0
92 12 15 07 046 03.3 03.7 99.00 99.00 99.00 999 1017.9  20.9  20.0 999.0 99.0
92 12 15 08 002 03.1 03.6 99.00 99.00 99.00 999 1017.5  19.7  19.9 999.0 99.0
92 12 15 09 017 05.6 06.2 99.00 99.00 99.00 999 1017.0  19.7  19.9 999.0 99.0
92 12 15 10 020 05.7 06.2 99.00 99.00 99.00 999 1017.4  19.7  19.9 999.0 99.0
92 12 15 11 033 06.4 07.0 99.00 99.00 99.00 999 1017.4  20.0  19.8 999.0 99.0
92 12 15 12 032 06.1 06.7 99.00 99.00 99.00 999 1017.8  20.2  19.8 999.0 99.0
92 12 15 13 031 05.8 06.6 99.00 99.00 99.00 999 1018.0  19.9  19.8 999.0 99.0
92 12 15 14 047 05.3 06.1 99.00 99.00 99.00 999 1018.2  20.6  19.8 999.0 99.0
92 12 15 15 041 04.9 05.3 99.00 99.00 99.00 999 1018.6  20.6  19.9 999.0 99.0
92 12 15 16 055 04.9 05.5 99.00 99.00 99.00 999 1018.5  20.7  20.0 999.0 99.0
92 12 15 17 095 05.7 06.2 99.00 99.00 99.00 999 1017.9  22.0  20.1 999.0 99.0
92 12 15 18 092 04.8 05.2 99.00 99.00 99.00 999 1017.0  22.0  20.2 999.0 99.0
92 12 15 19 094 05.1 05.6 99.00 99.00 99.00 999 1016.6  22.0  20.3 999.0 99.0
92 12 15 20 085 05.0 05.6 99.00 99.00 99.00 999 1016.5  22.0  20.3 999.0 99.0
92 12 15 21 036 02.5 04.5 99.00 99.00 99.00 999 1016.6  21.9  20.4 999.0 99.0
92 12 15 22 077 05.0 05.5 99.00 99.00 99.00 999 1016.9  21.8  20.4 999.0 99.0
92 12 15 23 061 03.3 03.6 99.00 99.00 99.00 999 1017.5  21.4  20.4 999.0 99.0
92 12 16 00 015 03.2 03.5 99.00 99.00 99.00 999 1018.3  21.0  20.4 999.0 99.0
92 12 16 01 042 03.2 03.7 99.00 99.00 99.00 999 1018.5  21.0  20.4 999.0 99.0
92 12 16 02 057 04.0 04.3 99.00 99.00 99.00 999 1018.8  21.3  20.4 999.0 99.0
92 12 16 03 046 04.4 05.0 99.00 99.00 99.00 999 1018.8  21.0  20.4 999.0 99.0
92 12 16 04 049 03.8 04.2 99.00 99.00 99.00 999 1018.6  21.2  20.4 999.0 99.0
92 12 16 05 057 03.2 04.0 99.00 99.00 99.00 999 1018.4  21.0  20.4 999.0 99.0
92 12 16 06 105 05.3 05.8 99.00 99.00 99.00 999 1018.1  22.1  20.4 999.0 99.0
92 12 16 07 095 05.2 05.6 99.00 99.00 99.00 999 1018.0  22.2  20.4 999.0 99.0
92 12 16 08 106 05.3 06.0 99.00 99.00 99.00 999 1017.9  22.2  20.3 999.0 99.0
92 12 16 09 102 04.0 04.2 99.00 99.00 99.00 999 1017.8  22.0  20.3 999.0 99.0
92 12 16 10 090 03.5 03.8 99.00 99.00 99.00 999 1017.9  21.8  20.3 999.0 99.0
92 12 16 11 098 03.7 04.0 99.00 99.00 99.00 999 1018.1  21.8  20.2 999.0 99.0
92 12 16 12 076 03.3 03.7 99.00 99.00 99.00 999 1018.6  21.8  20.2 999.0 99.0
92 12 16 13 112 04.8 05.7 99.00 99.00 99.00 999 1019.2  22.3  20.3 999.0 99.0
92 12 16 14 105 04.5 04.8 99.00 99.00 99.00 999 1019.7  22.5  20.3 999.0 99.0
92 12 16 15 121 06.1 07.2 99.00 99.00 99.00 999 1019.9  23.2  20.4 999.0 99.0
92 12 16 16 098 05.1 05.8 99.00 99.00 99.00 999 1019.6  22.9  20.5 999.0 99.0
92 12 16 17 110 05.9 06.7 99.00 99.00 99.00 999 1019.1  23.2  20.6 999.0 99.0
92 12 16 18 116 06.4 07.1 99.00 99.00 99.00 999 1018.5  23.3  20.8 999.0 99.0
92 12 16 19 067 02.9 03.7 99.00 99.00 99.00 999 1018.2  22.9  20.9 999.0 99.0
92 12 16 20 078 04.2 04.6 99.00 99.00 99.00 999 1018.1  22.6  20.9 999.0 99.0
92 12 16 21 084 04.6 04.9 99.00 99.00 99.00 999 1018.0  22.4  21.0 999.0 99.0
92 12 16 22 096 04.0 04.2 99.00 99.00 99.00 999 1018.4  22.4  21.0 999.0 99.0
92 12 16 23 090 05.0 05.8 99.00 99.00 99.00 999 1018.8  22.3  21.0 999.0 99.0
92 12 17 00 114 05.3 05.8 99.00 99.00 99.00 999 1019.0  23.5  21.0 999.0 99.0
92 12 17 01 112 05.3 06.2 99.00 99.00 99.00 999 1019.7  23.2  20.9 999.0 99.0
92 12 17 02 122 05.9 07.0 99.00 99.00 99.00 999 1019.9  23.1  20.9 999.0 99.0
92 12 17 03 133 04.5 05.2 99.00 99.00 99.00 999 1020.0  23.1  20.9 999.0 99.0
92 12 17 04 123 05.1 06.0 99.00 99.00 99.00 999 1019.6  23.1  20.9 999.0 99.0
92 12 17 05 132 05.0 05.5 99.00 99.00 99.00 999 1018.9  23.1  20.9 999.0 99.0
92 12 17 06 132 04.4 04.9 99.00 99.00 99.00 999 1019.0  23.0  20.9 999.0 99.0
92 12 17 07 137 03.5 03.8 99.00 99.00 99.00 999 1018.6  22.8  20.8 999.0 99.0
92 12 17 08 126 05.1 05.9 99.00 99.00 99.00 999 1018.2  23.4  20.8 999.0 99.0
92 12 17 09 117 04.5 04.9 99.00 99.00 99.00 999 1017.8  22.9  20.7 999.0 99.0
92 12 17 10 116 03.8 04.1 99.00 99.00 99.00 999 1017.6  22.9  20.7 999.0 99.0
92 12 17 11 149 05.2 05.7 99.00 99.00 99.00 999 1017.7  22.9  20.7 999.0 99.0
92 12 17 12 138 04.9 05.3 99.00 99.00 99.00 999 1017.9  22.9  20.7 999.0 99.0
92 12 17 13 148 05.9 06.6 99.00 99.00 99.00 999 1018.0  23.2  20.6 999.0 99.0
92 12 17 14 129 04.5 05.3 99.00 99.00 99.00 999 1018.9  23.0  20.7 999.0 99.0
92 12 17 15 177 03.1 03.5 99.00 99.00 99.00 999 1019.3  23.2  20.8 999.0 99.0
92 12 17 16 158 04.6 05.1 99.00 99.00 99.00 999 1019.4  23.4  21.0 999.0 99.0
92 12 17 17 159 03.7 03.9 99.00 99.00 99.00 999 1018.6  23.6  21.2 999.0 99.0
92 12 17 18 143 02.7 02.8 99.00 99.00 99.00 999 1018.1  23.5  21.4 999.0 99.0
92 12 17 19 100 01.4 01.5 99.00 99.00 99.00 999 1017.7  24.0  21.5 999.0 99.0
92 12 17 20 121 01.1 01.2 99.00 99.00 99.00 999 1017.5  23.7  21.4 999.0 99.0
92 12 17 21 121 01.2 01.3 99.00 99.00 99.00 999 1017.6  23.1  21.4 999.0 99.0
92 12 17 22 098 01.0 01.0 99.00 99.00 99.00 999 1017.8  23.1  21.4 999.0 99.0
92 12 17 23 045 02.4 02.5 99.00 99.00 99.00 999 1017.8  22.6  21.3 999.0 99.0
92 12 18 00 046 01.8 02.0 99.00 99.00 99.00 999 1018.1  22.2  21.4 999.0 99.0
92 12 18 01 075 01.2 01.5 99.00 99.00 99.00 999 1018.4  22.8  21.4 999.0 99.0
92 12 18 02 072 02.0 02.1 99.00 99.00 99.00 999 1018.6  22.9  21.4 999.0 99.0
92 12 18 03 061 02.6 02.7 99.00 99.00 99.00 999 1019.1  23.0  21.5 999.0 99.0
92 12 18 04 037 02.3 02.5 99.00 99.00 99.00 999 1018.8  22.1  21.6 999.0 99.0
92 12 18 05 055 02.6 02.8 99.00 99.00 99.00 999 1018.4  21.9  21.6 999.0 99.0
92 12 18 06 050 02.4 02.6 99.00 99.00 99.00 999 1018.0  21.7  21.5 999.0 99.0
92 12 18 07 102 03.1 03.2 99.00 99.00 99.00 999 1017.8  22.1  21.4 999.0 99.0
92 12 18 08 059 02.2 02.3 99.00 99.00 99.00 999 1017.6  21.8  21.4 999.0 99.0
92 12 18 09 078 02.1 02.2 99.00 99.00 99.00 999 1017.5  21.5  21.4 999.0 99.0
92 12 18 10 073 02.4 02.6 99.00 99.00 99.00 999 1017.6  21.9  21.3 999.0 99.0
92 12 18 11 069 02.3 02.6 99.00 99.00 99.00 999 1018.0  21.8  21.2 999.0 99.0
92 12 18 12 014 03.1 03.7 99.00 99.00 99.00 999 1018.5  21.5  21.2 999.0 99.0
92 12 18 13 024 03.2 03.6 99.00 99.00 99.00 999 1019.1  21.7  21.1 999.0 99.0
92 12 18 14 048 04.0 04.5 99.00 99.00 99.00 999 1019.8  21.7  21.2 999.0 99.0
92 12 18 15 044 03.8 04.2 99.00 99.00 99.00 999 1020.0  21.8  21.2 999.0 99.0
92 12 18 16 034 03.3 03.8 99.00 99.00 99.00 999 1019.8  21.9  21.3 999.0 99.0
92 12 18 17 046 04.3 04.7 99.00 99.00 99.00 999 1019.2  22.2  21.4 999.0 99.0
92 12 18 18 043 04.8 05.3 99.00 99.00 99.00 999 1018.5  22.3  21.5 999.0 99.0
92 12 18 19 058 03.9 04.2 99.00 99.00 99.00 999 1018.1  22.1  21.6 999.0 99.0
92 12 18 20 058 03.8 04.1 99.00 99.00 99.00 999 1018.0  22.5  21.7 999.0 99.0
92 12 18 21 048 03.8 04.2 99.00 99.00 99.00 999 1018.3  22.4  21.7 999.0 99.0
92 12 18 22 042 03.4 03.6 99.00 99.00 99.00 999 1018.6  22.2  21.6 999.0 99.0
92 12 18 23 045 03.2 03.5 99.00 99.00 99.00 999 1018.8  22.1  21.6 999.0 99.0
92 12 19 00 052 04.5 04.8 99.00 99.00 99.00 999 1019.1  22.1  21.5 999.0 99.0
92 12 19 01 059 04.2 04.6 99.00 99.00 99.00 999 1019.4  22.1  21.5 999.0 99.0
92 12 19 02 055 03.4 03.8 99.00 99.00 99.00 999 1019.7  22.1  21.5 999.0 99.0
92 12 19 03 061 03.0 03.2 99.00 99.00 99.00 999 1020.1  21.9  21.5 999.0 99.0
92 12 19 04 059 02.6 02.8 99.00 99.00 99.00 999 1019.9  22.2  21.5 999.0 99.0
92 12 19 05 061 02.7 03.0 99.00 99.00 99.00 999 1019.6  22.0  21.5 999.0 99.0
92 12 19 06 045 03.1 03.5 99.00 99.00 99.00 999 1019.5  21.9  21.5 999.0 99.0
92 12 19 07 022 03.0 03.2 99.00 99.00 99.00 999 1019.1  21.7  21.4 999.0 99.0
92 12 19 08 050 03.3 03.7 99.00 99.00 99.00 999 1019.0  22.0  21.4 999.0 99.0
92 12 19 09 049 03.0 03.4 99.00 99.00 99.00 999 1019.2  22.0  21.4 999.0 99.0
92 12 19 10 061 02.9 03.1 99.00 99.00 99.00 999 1019.2  21.9  21.4 999.0 99.0
92 12 19 11 082 03.3 03.7 99.00 99.00 99.00 999 1019.7  22.1  21.4 999.0 99.0
92 12 19 12 083 02.8 03.1 99.00 99.00 99.00 999 1020.3  22.1  21.3 999.0 99.0
92 12 19 13 041 04.3 04.7 99.00 99.00 99.00 999 1021.2  21.6  21.3 999.0 99.0
92 12 19 14 062 03.3 03.7 99.00 99.00 99.00 999 1021.6  21.9  21.3 999.0 99.0
92 12 19 15 044 04.2 04.6 99.00 99.00 99.00 999 1022.2  22.0  21.4 999.0 99.0
92 12 19 16 044 04.0 04.3 99.00 99.00 99.00 999 1021.8  22.3  21.5 999.0 99.0
92 12 19 17 054 03.2 03.5 99.00 99.00 99.00 999 1020.9  22.2  21.6 999.0 99.0
92 12 19 18 079 03.5 03.9 99.00 99.00 99.00 999 1020.3  23.0  21.7 999.0 99.0
92 12 19 19 105 06.0 06.6 99.00 99.00 99.00 999 1019.8  23.5  21.8 999.0 99.0
92 12 19 20 105 05.7 06.1 99.00 99.00 99.00 999 1019.6  23.5  21.9 999.0 99.0
92 12 19 21 105 05.4 06.2 99.00 99.00 99.00 999 1019.8  23.4  21.9 999.0 99.0
92 12 19 22 093 05.6 06.3 99.00 99.00 99.00 999 1019.7  23.4  21.9 999.0 99.0
92 12 19 23 087 06.9 08.1 99.00 99.00 99.00 999 1020.2  23.4  21.8 999.0 99.0
92 12 20 00 097 05.7 06.3 99.00 99.00 99.00 999 1020.9  23.4  21.7 999.0 99.0
92 12 20 01 111 04.4 04.8 99.00 99.00 99.00 999 1021.3  23.2  21.6 999.0 99.0
92 12 20 02 088 04.7 05.1 99.00 99.00 99.00 999 1021.3  23.1  21.5 999.0 99.0
92 12 20 03 088 06.0 06.3 99.00 99.00 99.00 999 1021.7  23.1  21.6 999.0 99.0
92 12 20 04 099 06.0 06.9 99.00 99.00 99.00 999 1021.4  23.3  21.6 999.0 99.0
92 12 20 05 106 05.7 06.6 99.00 99.00 99.00 999 1021.0  23.2  21.6 999.0 99.0
92 12 20 06 106 04.1 04.6 99.00 99.00 99.00 999 1020.8  23.0  21.6 999.0 99.0
92 12 20 07 105 05.6 06.2 99.00 99.00 99.00 999 1020.0  23.1  21.6 999.0 99.0
92 12 20 08 114 04.9 05.7 99.00 99.00 99.00 999 1019.1  23.0  21.6 999.0 99.0
92 12 20 09 103 04.8 05.3 99.00 99.00 99.00 999 1019.1  23.0  21.5 999.0 99.0
92 12 20 10 116 05.8 06.9 99.00 99.00 99.00 999 1019.2  23.0  21.5 999.0 99.0
92 12 20 11 127 04.8 05.3 99.00 99.00 99.00 999 1019.0  22.8  21.4 999.0 99.0
92 12 20 12 116 04.8 05.3 99.00 99.00 99.00 999 1019.3  22.8  21.3 999.0 99.0
92 12 20 13 118 04.9 05.7 99.00 99.00 99.00 999 1019.8  23.0  21.3 999.0 99.0
92 12 20 14 130 04.5 05.1 99.00 99.00 99.00 999 1020.4  23.0  21.3 999.0 99.0
92 12 20 15 179 02.7 03.8 99.00 99.00 99.00 999 1021.0  23.5  21.4 999.0 99.0
92 12 20 16 150 03.5 03.8 99.00 99.00 99.00 999 1020.7  23.5  21.5 999.0 99.0
92 12 20 17 126 02.4 02.8 99.00 99.00 99.00 999 1020.0  23.5  21.7 999.0 99.0
92 12 20 18 066 01.4 01.9 99.00 99.00 99.00 999 1019.3  22.9  21.9 999.0 99.0
92 12 20 19 110 01.2 01.5 99.00 99.00 99.00 999 1018.7  23.9  22.1 999.0 99.0
92 12 20 20 078 02.9 03.3 99.00 99.00 99.00 999 1018.6  23.3  22.2 999.0 99.0
92 12 20 21 051 02.2 02.4 99.00 99.00 99.00 999 1018.9  22.8  22.3 999.0 99.0
92 12 20 22 053 02.8 02.9 99.00 99.00 99.00 999 1019.1  22.8  22.4 999.0 99.0
92 12 20 23 051 02.4 02.8 99.00 99.00 99.00 999 1019.2  22.5  22.4 999.0 99.0
92 12 21 00 057 02.3 02.5 99.00 99.00 99.00 999 1019.5  22.5  22.3 999.0 99.0
92 12 21 01 048 02.7 03.0 99.00 99.00 99.00 999 1020.0  22.2  22.1 999.0 99.0
92 12 21 02 057 03.0 03.4 99.00 99.00 99.00 999 1020.5  22.2  22.0 999.0 99.0
92 12 21 03 053 03.2 03.5 99.00 99.00 99.00 999 1020.8  22.4  22.1 999.0 99.0
92 12 21 04 045 03.7 04.1 99.00 99.00 99.00 999 1020.8  22.2  22.1 999.0 99.0
92 12 21 05 048 03.8 04.2 99.00 99.00 99.00 999 1020.1  22.3  22.0 999.0 99.0
92 12 21 06 039 04.6 05.0 99.00 99.00 99.00 999 1019.8  22.2  22.1 999.0 99.0
92 12 21 08 039 04.3 04.6 99.00 99.00 99.00 999 1018.7  22.0  22.0 999.0 99.0
92 12 21 09 038 04.5 05.1 99.00 99.00 99.00 999 1019.0  22.0  21.9 999.0 99.0
92 12 21 10 039 03.9 04.3 99.00 99.00 99.00 999 1019.4  21.9  21.9 999.0 99.0
92 12 21 11 040 04.5 04.9 99.00 99.00 99.00 999 1019.9  21.9  21.9 999.0 99.0
92 12 21 12 038 03.4 03.8 99.00 99.00 99.00 999 1020.3  21.8  21.8 999.0 99.0
92 12 21 13 048 03.3 03.7 99.00 99.00 99.00 999 1021.1  21.7  21.8 999.0 99.0
92 12 21 14 049 02.9 03.2 99.00 99.00 99.00 999 1021.8  22.0  21.9 999.0 99.0
92 12 21 15 080 03.0 03.2 99.00 99.00 99.00 999 1022.3  23.5  21.9 999.0 99.0
92 12 21 16 093 04.0 04.4 99.00 99.00 99.00 999 1022.0  23.5  22.0 999.0 99.0
92 12 21 17 102 05.1 05.6 99.00 99.00 99.00 999 1020.9  23.8  22.2 999.0 99.0
92 12 21 18 102 04.8 05.2 99.00 99.00 99.00 999 1019.9  23.8  22.5 999.0 99.0
92 12 21 19 100 04.0 04.6 99.00 99.00 99.00 999 1019.2  23.8  22.8 999.0 99.0
92 12 21 20 084 03.9 04.3 99.00 99.00 99.00 999 1019.0  23.6  23.1 999.0 99.0
92 12 21 21 071 03.0 03.5 99.00 99.00 99.00 999 1019.1  23.6  23.2 999.0 99.0
92 12 21 22 056 03.7 04.3 99.00 99.00 99.00 999 1019.5  23.3  23.2 999.0 99.0
92 12 21 23 054 04.1 05.0 99.00 99.00 99.00 999 1019.9  23.1  23.0 999.0 99.0
92 12 22 00 053 04.8 05.3 99.00 99.00 99.00 999 1020.5  23.1  22.7 999.0 99.0
92 12 22 01 044 05.9 06.9 99.00 99.00 99.00 999 1021.0  23.1  22.6 999.0 99.0
92 12 22 02 042 05.8 06.7 99.00 99.00 99.00 999 1021.3  23.0  22.5 999.0 99.0
92 12 22 03 048 05.9 06.6 99.00 99.00 99.00 999 1021.5  22.8  22.5 999.0 99.0
92 12 22 04 050 04.7 05.0 99.00 99.00 99.00 999 1021.4  22.7  22.4 999.0 99.0
92 12 22 05 071 04.7 05.5 99.00 99.00 99.00 999 1021.0  22.8  22.4 999.0 99.0
92 12 22 06 085 06.1 07.0 99.00 99.00 99.00 999 1020.7  23.4  22.6 999.0 99.0
92 12 22 07 079 05.3 06.4 99.00 99.00 99.00 999 1020.5  23.2  22.7 999.0 99.0
92 12 22 08 080 05.5 06.1 99.00 99.00 99.00 999 1020.1  23.1  22.5 999.0 99.0
92 12 22 09 090 05.0 05.6 99.00 99.00 99.00 999 1020.0  23.1  22.5 999.0 99.0
92 12 22 10 083 04.7 05.3 99.00 99.00 99.00 999 1020.0  23.0  22.4 999.0 99.0
92 12 22 11 077 03.8 04.1 99.00 99.00 99.00 999 1020.4  22.8  22.4 999.0 99.0
92 12 22 12 086 05.0 05.6 99.00 99.00 99.00 999 1021.0  23.0  22.4 999.0 99.0
92 12 22 13 093 04.2 04.5 99.00 99.00 99.00 999 1022.0  23.3  22.3 999.0 99.0
92 12 22 14 083 04.2 04.7 99.00 99.00 99.00 999 1022.6  23.4  22.4 999.0 99.0
92 12 22 15 087 05.3 06.0 99.00 99.00 99.00 999 1023.0  23.7  22.4 999.0 99.0
92 12 22 16 090 05.1 06.0 99.00 99.00 99.00 999 1022.8  23.7  22.5 999.0 99.0
92 12 22 18 086 06.6 07.1 99.00 99.00 99.00 999 1021.1  23.8  22.9 999.0 99.0
92 12 22 19 074 05.7 06.9 99.00 99.00 99.00 999 1020.4  23.9  23.2 999.0 99.0
92 12 22 20 089 07.0 07.9 99.00 99.00 99.00 999 1020.3  23.9  23.3 999.0 99.0
92 12 22 21 091 07.3 08.1 99.00 99.00 99.00 999 1020.4  23.9  23.4 999.0 99.0
92 12 22 22 094 06.6 07.5 99.00 99.00 99.00 999 1020.7  24.0  23.4 999.0 99.0
92 12 22 23 090 05.4 06.2 99.00 99.00 99.00 999 1021.2  23.8  23.4 999.0 99.0
92 12 23 00 087 04.9 05.3 99.00 99.00 99.00 999 1021.5  23.7  23.3 999.0 99.0
92 12 23 01 082 04.2 04.7 99.00 99.00 99.00 999 1022.1  23.6  23.0 999.0 99.0
92 12 23 02 077 04.6 05.1 99.00 99.00 99.00 999 1022.4  23.7  22.8 999.0 99.0
92 12 23 03 082 05.0 05.6 99.00 99.00 99.00 999 1022.4  23.7  22.8 999.0 99.0
92 12 23 04 086 05.1 05.9 99.00 99.00 99.00 999 1022.3  23.7  22.8 999.0 99.0
92 12 23 05 085 05.7 06.3 99.00 99.00 99.00 999 1021.9  23.7  22.7 999.0 99.0
92 12 23 06 092 05.5 06.7 99.00 99.00 99.00 999 1021.5  23.7  22.7 999.0 99.0
92 12 23 07 105 05.6 06.4 99.00 99.00 99.00 999 1021.2  23.7  22.9 999.0 99.0
92 12 23 08 098 05.6 06.3 99.00 99.00 99.00 999 1020.9  23.6  23.0 999.0 99.0
92 12 23 09 098 05.7 06.2 99.00 99.00 99.00 999 1020.7  23.6  22.9 999.0 99.0
92 12 23 10 107 05.1 05.7 99.00 99.00 99.00 999 1020.7  23.6  22.8 999.0 99.0
92 12 23 11 107 05.3 06.2 99.00 99.00 99.00 999 1020.8  23.6  22.8 999.0 99.0
92 12 23 12 101 05.6 06.3 99.00 99.00 99.00 999 1021.4  23.6  22.8 999.0 99.0
92 12 23 13 101 05.9 06.5 99.00 99.00 99.00 999 1021.9  23.6  22.7 999.0 99.0
92 12 23 14 083 06.1 06.8 99.00 99.00 99.00 999 1022.6  23.8  22.7 999.0 99.0
92 12 23 15 098 05.7 06.6 99.00 99.00 99.00 999 1023.0  24.0  22.8 999.0 99.0
92 12 23 16 098 06.0 06.5 99.00 99.00 99.00 999 1022.9  24.0  22.9 999.0 99.0
92 12 23 17 096 06.0 07.0 99.00 99.00 99.00 999 1022.2  24.1  23.0 999.0 99.0
92 12 23 18 090 04.8 05.6 99.00 99.00 99.00 999 1021.3  24.1  23.1 999.0 99.0
92 12 23 19 077 04.9 05.6 99.00 99.00 99.00 999 1020.6  24.0  23.3 999.0 99.0
92 12 23 20 086 04.6 05.1 99.00 99.00 99.00 999 1020.5  24.1  23.4 999.0 99.0
92 12 23 21 094 04.8 05.3 99.00 99.00 99.00 999 1020.5  24.4  23.5 999.0 99.0
92 12 23 22 086 03.8 04.2 99.00 99.00 99.00 999 1020.5  24.1  23.5 999.0 99.0
92 12 23 23 091 04.0 04.5 99.00 99.00 99.00 999 1020.6  24.0  23.6 999.0 99.0
92 12 24 00 077 03.9 04.5 99.00 99.00 99.00 999 1021.0  23.9  23.6 999.0 99.0
92 12 24 01 092 04.7 05.6 99.00 99.00 99.00 999 1021.6  24.1  23.6 999.0 99.0
92 12 24 02 059 03.5 03.9 99.00 99.00 99.00 999 1021.8  23.7  23.3 999.0 99.0
92 12 24 03 049 04.0 04.9 99.00 99.00 99.00 999 1021.7  23.6  23.2 999.0 99.0
92 12 24 04 058 04.0 04.3 99.00 99.00 99.00 999 1021.6  23.5  23.1 999.0 99.0
92 12 24 05 037 03.2 03.6 99.00 99.00 99.00 999 1021.2  23.5  23.1 999.0 99.0
92 12 24 06 078 05.2 05.5 99.00 99.00 99.00 999 1020.5  23.9  23.2 999.0 99.0
92 12 24 07 089 04.5 04.9 99.00 99.00 99.00 999 1020.4  24.0  23.3 999.0 99.0
92 12 24 08 103 04.5 04.9 99.00 99.00 99.00 999 1020.2  23.9  23.4 999.0 99.0
92 12 24 09 108 03.1 03.3 99.00 99.00 99.00 999 1020.3  23.8  23.3 999.0 99.0
92 12 24 10 087 02.6 02.8 99.00 99.00 99.00 999 1020.5  23.6  23.2 999.0 99.0
92 12 24 11 040 03.0 03.3 99.00 99.00 99.00 999 1021.1  23.3  23.2 999.0 99.0
92 12 24 12 027 04.0 04.3 99.00 99.00 99.00 999 1021.7  23.2  23.2 999.0 99.0
92 12 24 13 026 03.9 04.3 99.00 99.00 99.00 999 1022.4  23.2  23.2 999.0 99.0
92 12 24 14 032 03.7 04.2 99.00 99.00 99.00 999 1022.9  23.1  23.2 999.0 99.0
92 12 24 15 039 04.1 04.5 99.00 99.00 99.00 999 1023.4  23.3  23.3 999.0 99.0
92 12 24 16 034 04.3 04.6 99.00 99.00 99.00 999 1023.1  23.5  23.5 999.0 99.0
92 12 24 17 030 04.2 04.5 99.00 99.00 99.00 999 1022.4  23.8  23.6 999.0 99.0
92 12 24 18 063 04.2 04.5 99.00 99.00 99.00 999 1021.2  23.9  23.8 999.0 99.0
92 12 24 19 056 03.9 04.2 99.00 99.00 99.00 999 1020.6  24.0  24.0 999.0 99.0
92 12 24 20 063 03.4 03.7 99.00 99.00 99.00 999 1020.0  24.2  24.3 999.0 99.0
92 12 24 21 066 02.7 03.1 99.00 99.00 99.00 999 1020.1  24.2  24.4 999.0 99.0
92 12 24 22 078 04.3 04.7 99.00 99.00 99.00 999 1020.0  24.5  24.4 999.0 99.0
92 12 24 23 079 05.8 06.3 99.00 99.00 99.00 999 1020.4  24.3  24.3 999.0 99.0
92 12 25 00 065 05.3 05.9 99.00 99.00 99.00 999 1020.7  24.2  24.3 999.0 99.0
92 12 25 01 064 04.9 05.7 99.00 99.00 99.00 999 1021.0  24.1  24.4 999.0 99.0
92 12 25 02 063 05.1 05.6 99.00 99.00 99.00 999 1021.1  24.0  24.3 999.0 99.0
92 12 25 03 068 05.5 06.2 99.00 99.00 99.00 999 1021.3  24.0  24.0 999.0 99.0
92 12 25 04 067 04.8 05.3 99.00 99.00 99.00 999 1021.2  24.0  23.9 999.0 99.0
92 12 25 05 082 05.6 06.2 99.00 99.00 99.00 999 1020.9  24.3  23.8 999.0 99.0
92 12 25 06 061 04.3 05.0 99.00 99.00 99.00 999 1020.6  24.0  23.8 999.0 99.0
92 12 25 07 050 04.3 04.7 99.00 99.00 99.00 999 1020.1  23.8  23.8 999.0 99.0
92 12 25 08 037 04.7 05.6 99.00 99.00 99.00 999 1019.8  22.7  23.9 999.0 99.0
92 12 25 09 088 04.8 05.8 99.00 99.00 99.00 999 1019.7  22.8  24.0 999.0 99.0
92 12 25 10 078 04.9 05.7 99.00 99.00 99.00 999 1019.9  24.0  23.8 999.0 99.0
92 12 25 11 077 05.1 05.7 99.00 99.00 99.00 999 1020.4  24.1  23.7 999.0 99.0
92 12 25 12 095 05.3 06.0 99.00 99.00 99.00 999 1020.9  24.1  23.6 999.0 99.0
92 12 25 13 084 05.3 06.3 99.00 99.00 99.00 999 1021.9  24.1  23.6 999.0 99.0
92 12 25 14 099 06.3 06.8 99.00 99.00 99.00 999 1022.4  24.4  23.7 999.0 99.0
92 12 25 15 103 05.6 06.2 99.00 99.00 99.00 999 1022.7  24.5  23.8 999.0 99.0
92 12 25 16 099 05.3 06.1 99.00 99.00 99.00 999 1022.6  24.6  23.9 999.0 99.0
92 12 25 17 100 05.6 06.0 99.00 99.00 99.00 999 1022.1  24.6  23.9 999.0 99.0
92 12 25 18 105 05.6 06.3 99.00 99.00 99.00 999 1021.1  24.6  24.0 999.0 99.0
92 12 25 19 085 05.3 06.0 99.00 99.00 99.00 999 1020.3  24.6  24.2 999.0 99.0
92 12 25 20 083 05.3 06.0 99.00 99.00 99.00 999 1020.2  24.7  24.4 999.0 99.0
92 12 25 21 103 05.3 05.9 99.00 99.00 99.00 999 1020.3  24.7  24.5 999.0 99.0
92 12 25 22 104 06.4 06.9 99.00 99.00 99.00 999 1020.3  24.7  24.6 999.0 99.0
92 12 25 23 089 05.2 06.0 99.00 99.00 99.00 999 1020.7  24.6  24.5 999.0 99.0
92 12 26 00 082 04.8 05.4 99.00 99.00 99.00 999 1021.1  24.5  24.5 999.0 99.0
92 12 26 01 078 04.3 04.6 99.00 99.00 99.00 999 1021.5  24.3  24.5 999.0 99.0
92 12 26 02 089 04.1 04.6 99.00 99.00 99.00 999 1021.6  24.5  24.4 999.0 99.0
92 12 26 03 106 05.3 06.0 99.00 99.00 99.00 999 1021.3  24.4  24.1 999.0 99.0
92 12 26 04 114 05.2 06.2 99.00 99.00 99.00 999 1020.7  24.5  24.0 999.0 99.0
92 12 26 05 127 04.8 05.3 99.00 99.00 99.00 999 1020.5  24.5  24.0 999.0 99.0
92 12 26 06 118 03.8 04.4 99.00 99.00 99.00 999 1020.6  24.5  23.9 999.0 99.0
92 12 26 07 115 05.0 05.6 99.00 99.00 99.00 999 1020.4  24.5  23.9 999.0 99.0
92 12 26 08 093 04.2 04.6 99.00 99.00 99.00 999 1020.4  24.4  23.9 999.0 99.0
92 12 26 09 106 05.7 06.6 99.00 99.00 99.00 999 1020.5  24.4  24.0 999.0 99.0
92 12 26 10 102 05.1 05.7 99.00 99.00 99.00 999 1020.8  24.4  24.1 999.0 99.0
92 12 26 11 098 04.6 05.5 99.00 99.00 99.00 999 1020.8  24.2  24.1 999.0 99.0
92 12 26 12 106 05.9 06.6 99.00 99.00 99.00 999 1020.8  24.2  24.0 999.0 99.0
92 12 26 13 096 04.1 04.7 99.00 99.00 99.00 999 1021.5  24.4  23.9 999.0 99.0
92 12 26 14 105 05.7 06.5 99.00 99.00 99.00 999 1021.8  24.6  24.0 999.0 99.0
92 12 26 15 104 05.3 06.0 99.00 99.00 99.00 999 1022.4  24.8  24.1 999.0 99.0
92 12 26 16 096 04.4 05.0 99.00 99.00 99.00 999 1022.2  24.7  24.2 999.0 99.0
92 12 26 17 090 05.7 06.3 99.00 99.00 99.00 999 1021.5  24.8  24.3 999.0 99.0
92 12 26 18 079 04.2 04.6 99.00 99.00 99.00 999 1020.6  24.7  24.4 999.0 99.0
92 12 26 19 083 04.5 04.8 99.00 99.00 99.00 999 1020.0  24.7  24.5 999.0 99.0
92 12 26 20 079 04.4 05.0 99.00 99.00 99.00 999 1019.9  24.7  24.6 999.0 99.0
92 12 26 21 076 05.7 06.4 99.00 99.00 99.00 999 1019.8  24.7  24.8 999.0 99.0
92 12 26 22 082 04.6 05.3 99.00 99.00 99.00 999 1020.3  24.8  24.8 999.0 99.0
92 12 26 23 072 05.5 06.3 99.00 99.00 99.00 999 1020.4  24.7  24.8 999.0 99.0
92 12 27 00 083 04.9 05.5 99.00 99.00 99.00 999 1021.1  24.7  24.7 999.0 99.0
92 12 27 01 072 05.0 06.0 99.00 99.00 99.00 999 1021.6  24.8  24.7 999.0 99.0
92 12 27 02 068 05.6 06.1 99.00 99.00 99.00 999 1021.6  24.7  24.8 999.0 99.0
92 12 27 03 072 05.2 05.7 99.00 99.00 99.00 999 1021.8  24.5  24.7 999.0 99.0
92 12 27 04 062 05.7 06.4 99.00 99.00 99.00 999 1021.7  24.3  24.4 999.0 99.0
92 12 27 05 072 07.1 07.9 99.00 99.00 99.00 999 1021.5  24.4  24.3 999.0 99.0
92 12 27 06 060 06.0 07.0 99.00 99.00 99.00 999 1021.5  24.4  24.2 999.0 99.0
92 12 27 07 070 05.8 06.6 99.00 99.00 99.00 999 1021.1  24.4  24.2 999.0 99.0
92 12 27 08 077 06.5 07.4 99.00 99.00 99.00 999 1020.7  24.4  24.2 999.0 99.0
92 12 27 09 070 06.0 06.9 99.00 99.00 99.00 999 1020.8  24.4  24.2 999.0 99.0
92 12 27 10 083 06.4 07.1 99.00 99.00 99.00 999 1020.6  24.4  24.3 999.0 99.0
92 12 27 11 096 06.9 07.8 99.00 99.00 99.00 999 1021.2  24.5  24.2 999.0 99.0
92 12 27 12 097 07.9 09.1 99.00 99.00 99.00 999 1021.7  24.5  24.2 999.0 99.0
92 12 27 13 104 07.4 08.0 99.00 99.00 99.00 999 1022.1  24.6  24.1 999.0 99.0
92 12 27 14 104 07.6 08.2 99.00 99.00 99.00 999 1022.7  24.7  24.2 999.0 99.0
92 12 27 15 100 06.7 07.4 99.00 99.00 99.00 999 1023.3  24.8  24.2 999.0 99.0
92 12 27 16 097 06.7 07.4 99.00 99.00 99.00 999 1023.6  24.8  24.3 999.0 99.0
92 12 27 17 099 06.6 07.3 99.00 99.00 99.00 999 1022.8  24.8  24.4 999.0 99.0
92 12 27 18 102 06.7 07.7 99.00 99.00 99.00 999 1021.6  24.8  24.5 999.0 99.0
92 12 27 19 099 07.0 07.7 99.00 99.00 99.00 999 1021.1  24.9  24.6 999.0 99.0
92 12 27 20 099 06.9 07.6 99.00 99.00 99.00 999 1020.5  24.9  24.7 999.0 99.0
92 12 27 21 088 05.6 06.5 99.00 99.00 99.00 999 1021.3  24.8  24.8 999.0 99.0
92 12 27 22 074 05.0 05.5 99.00 99.00 99.00 999 1021.9  24.9  24.9 999.0 99.0
92 12 27 23 071 06.4 07.3 99.00 99.00 99.00 999 1022.3  24.6  24.8 999.0 99.0
92 12 28 00 068 05.3 06.0 99.00 99.00 99.00 999 1022.3  24.5  24.7 999.0 99.0
92 12 28 01 080 04.9 05.7 99.00 99.00 99.00 999 1022.1  24.3  24.7 999.0 99.0
92 12 28 02 092 05.6 06.2 99.00 99.00 99.00 999 1022.2  24.7  24.6 999.0 99.0
92 12 28 03 086 05.0 05.3 99.00 99.00 99.00 999 1022.7  24.6  24.5 999.0 99.0
92 12 28 04 094 04.2 04.6 99.00 99.00 99.00 999 1022.8  24.6  24.5 999.0 99.0
92 12 28 05 088 04.1 04.8 99.00 99.00 99.00 999 1022.5  24.5  24.5 999.0 99.0
92 12 28 06 068 03.3 03.6 99.00 99.00 99.00 999 1022.1  24.3  24.4 999.0 99.0
92 12 28 07 074 04.0 04.4 99.00 99.00 99.00 999 1021.6  24.1  24.3 999.0 99.0
92 12 28 08 065 02.7 03.1 99.00 99.00 99.00 999 1021.3  24.0  24.3 999.0 99.0
92 12 28 09 042 03.4 03.8 99.00 99.00 99.00 999 1021.4  23.8  24.2 999.0 99.0
92 12 28 10 036 03.8 04.3 99.00 99.00 99.00 999 1021.3  23.3  24.2 999.0 99.0
92 12 28 11 031 03.7 04.1 99.00 99.00 99.00 999 1021.7  23.3  24.2 999.0 99.0
92 12 28 12 025 04.8 05.3 99.00 99.00 99.00 999 1022.3  23.0  24.1 999.0 99.0
92 12 28 13 022 05.8 06.3 99.00 99.00 99.00 999 1023.0  22.8  24.1 999.0 99.0
92 12 28 14 012 06.0 06.6 99.00 99.00 99.00 999 1023.7  22.6  24.2 999.0 99.0
92 12 28 15 015 06.9 07.4 99.00 99.00 99.00 999 1024.1  22.5  24.2 999.0 99.0
92 12 28 16 018 06.0 06.8 99.00 99.00 99.00 999 1023.7  22.8  24.3 999.0 99.0
92 12 28 17 353 06.0 07.6 99.00 99.00 99.00 999 1023.1  21.4  24.5 999.0 99.0
92 12 28 18 351 07.1 08.1 99.00 99.00 99.00 999 1022.1  21.6  24.6 999.0 99.0
92 12 28 19 013 07.0 07.9 99.00 99.00 99.00 999 1021.3  22.0  24.7 999.0 99.0
92 12 28 20 017 06.0 06.6 99.00 99.00 99.00 999 1020.6  22.9  24.7 999.0 99.0
92 12 28 21 008 06.1 07.2 99.00 99.00 99.00 999 1020.6  23.1  24.8 999.0 99.0
92 12 28 22 007 07.4 08.1 99.00 99.00 99.00 999 1020.9  23.1  24.8 999.0 99.0
92 12 28 23 012 07.8 08.4 99.00 99.00 99.00 999 1021.3  22.6  24.8 999.0 99.0
92 12 29 00 009 07.7 09.1 99.00 99.00 99.00 999 1021.6  21.5  24.7 999.0 99.0
92 12 29 01 011 08.3 09.9 99.00 99.00 99.00 999 1021.8  21.4  24.5 999.0 99.0
92 12 29 02 003 09.0 10.3 99.00 99.00 99.00 999 1021.8  21.0  24.4 999.0 99.0
92 12 29 03 023 08.9 09.9 99.00 99.00 99.00 999 1022.0  20.9  24.3 999.0 99.0
92 12 29 04 016 09.1 09.7 99.00 99.00 99.00 999 1021.7  20.8  24.2 999.0 99.0
92 12 29 05 017 08.9 10.3 99.00 99.00 99.00 999 1021.4  20.6  24.1 999.0 99.0
92 12 29 06 020 09.4 11.0 99.00 99.00 99.00 999 1021.2  20.2  24.0 999.0 99.0
92 12 29 07 022 09.0 09.7 99.00 99.00 99.00 999 1020.7  20.3  23.9 999.0 99.0
92 12 29 08 027 08.8 09.7 99.00 99.00 99.00 999 1020.4  20.6  23.8 999.0 99.0
92 12 29 09 021 08.7 10.0 99.00 99.00 99.00 999 1020.1  20.5  23.6 999.0 99.0
92 12 29 10 027 08.1 09.3 99.00 99.00 99.00 999 1020.3  20.7  23.5 999.0 99.0
92 12 29 11 026 08.7 10.0 99.00 99.00 99.00 999 1020.6  20.8  23.5 999.0 99.0
92 12 29 12 022 08.2 09.1 99.00 99.00 99.00 999 1020.8  21.2  23.5 999.0 99.0
92 12 29 13 026 07.4 08.2 99.00 99.00 99.00 999 1021.3  21.2  23.4 999.0 99.0
92 12 29 14 023 09.7 11.3 99.00 99.00 99.00 999 1021.8  20.4  23.4 999.0 99.0
92 12 29 15 029 09.5 10.9 99.00 99.00 99.00 999 1021.9  20.9  23.4 999.0 99.0
92 12 29 16 039 09.3 10.2 99.00 99.00 99.00 999 1021.6  22.6  23.5 999.0 99.0
92 12 29 17 040 07.0 08.1 99.00 99.00 99.00 999 1020.7  23.0  23.6 999.0 99.0
92 12 29 18 048 06.5 07.6 99.00 99.00 99.00 999 1019.9  22.9  23.7 999.0 99.0
92 12 29 19 043 05.7 06.2 99.00 99.00 99.00 999 1019.4  23.5  23.8 999.0 99.0
92 12 29 20 054 08.5 09.5 99.00 99.00 99.00 999 1019.1  23.8  23.8 999.0 99.0
92 12 29 21 056 08.5 09.7 99.00 99.00 99.00 999 1019.0  23.9  23.8 999.0 99.0
92 12 29 22 053 08.5 09.8 99.00 99.00 99.00 999 1019.0  23.7  23.9 999.0 99.0
92 12 29 23 044 09.4 10.7 99.00 99.00 99.00 999 1019.3  23.5  23.8 999.0 99.0
92 12 30 00 043 09.7 10.7 99.00 99.00 99.00 999 1019.7  23.3  23.7 999.0 99.0
92 12 30 01 041 08.7 09.7 99.00 99.00 99.00 999 1020.1  23.1  23.6 999.0 99.0
92 12 30 02 033 08.3 09.5 99.00 99.00 99.00 999 1019.9  23.0  23.5 999.0 99.0
92 12 30 03 028 07.4 09.1 99.00 99.00 99.00 999 1020.2  22.6  23.4 999.0 99.0
92 12 30 04 018 08.2 09.1 99.00 99.00 99.00 999 1020.2  21.7  23.3 999.0 99.0
92 12 30 05 021 09.4 10.4 99.00 99.00 99.00 999 1019.8  20.9  23.2 999.0 99.0
92 12 30 06 024 09.7 10.7 99.00 99.00 99.00 999 1019.5  20.5  23.2 999.0 99.0
92 12 30 07 017 09.0 10.0 99.00 99.00 99.00 999 1018.8  20.3  23.0 999.0 99.0
92 12 30 08 008 10.0 11.0 99.00 99.00 99.00 999 1018.2  20.0  22.9 999.0 99.0
92 12 30 09 023 09.3 10.1 99.00 99.00 99.00 999 1018.2  19.8  22.8 999.0 99.0
92 12 30 10 015 08.8 09.7 99.00 99.00 99.00 999 1017.9  19.6  22.7 999.0 99.0
92 12 30 11 024 08.1 09.0 99.00 99.00 99.00 999 1018.2  19.5  22.6 999.0 99.0
92 12 30 12 018 09.6 10.8 99.00 99.00 99.00 999 1018.7  19.5  22.5 999.0 99.0
92 12 30 13 017 09.3 09.9 99.00 99.00 99.00 999 1019.1  19.2  22.5 999.0 99.0
92 12 30 14 014 08.4 09.6 99.00 99.00 99.00 999 1019.5  19.4  22.5 999.0 99.0
92 12 30 15 001 08.7 09.6 99.00 99.00 99.00 999 1020.5  19.2  22.6 999.0 99.0
92 12 30 16 012 09.2 09.9 99.00 99.00 99.00 999 1020.0  19.5  22.6 999.0 99.0
92 12 30 17 012 08.1 09.0 99.00 99.00 99.00 999 1019.2  20.7  22.7 999.0 99.0
92 12 30 18 017 07.3 08.6 99.00 99.00 99.00 999 1018.2  22.2  22.8 999.0 99.0
92 12 30 19 034 06.4 07.3 99.00 99.00 99.00 999 1017.2  23.2  23.0 999.0 99.0
92 12 30 20 058 06.7 07.4 99.00 99.00 99.00 999 1016.8  23.8  23.1 999.0 99.0
92 12 30 21 055 06.4 06.9 99.00 99.00 99.00 999 1016.7  23.8  23.2 999.0 99.0
92 12 30 22 057 06.2 06.9 99.00 99.00 99.00 999 1016.8  23.8  23.2 999.0 99.0
92 12 30 23 053 06.2 07.0 99.00 99.00 99.00 999 1016.8  23.2  23.2 999.0 99.0
92 12 31 00 047 04.5 05.1 99.00 99.00 99.00 999 1017.3  23.3  23.2 999.0 99.0
92 12 31 01 052 05.4 06.1 99.00 99.00 99.00 999 1017.5  23.5  23.2 999.0 99.0
92 12 31 02 067 05.8 06.4 99.00 99.00 99.00 999 1017.6  23.7  23.1 999.0 99.0
92 12 31 03 058 05.5 06.5 99.00 99.00 99.00 999 1017.8  23.6  23.1 999.0 99.0
92 12 31 04 068 05.6 06.7 99.00 99.00 99.00 999 1017.8  23.6  23.1 999.0 99.0
92 12 31 05 065 04.9 05.4 99.00 99.00 99.00 999 1017.4  23.6  23.0 999.0 99.0
92 12 31 06 069 04.4 04.9 99.00 99.00 99.00 999 1017.0  23.4  23.0 999.0 99.0
92 12 31 07 044 04.2 04.5 99.00 99.00 99.00 999 1016.8  23.3  22.9 999.0 99.0
92 12 31 08 011 05.3 05.8 99.00 99.00 99.00 999 1016.3  22.0  22.8 999.0 99.0
92 12 31 09 007 04.5 05.1 99.00 99.00 99.00 999 1016.2  21.6  22.8 999.0 99.0
92 12 31 10 028 05.1 05.6 99.00 99.00 99.00 999 1016.3  21.9  22.8 999.0 99.0
92 12 31 11 026 05.3 06.4 99.00 99.00 99.00 999 1016.4  21.8  22.8 999.0 99.0
92 12 31 12 018 05.9 06.6 99.00 99.00 99.00 999 1017.0  21.7  22.7 999.0 99.0
92 12 31 13 026 06.2 07.1 99.00 99.00 99.00 999 1017.5  21.5  22.7 999.0 99.0
92 12 31 14 032 05.5 05.9 99.00 99.00 99.00 999 1017.8  22.3  22.7 999.0 99.0
92 12 31 15 028 05.0 05.6 99.00 99.00 99.00 999 1018.2  22.2  22.9 999.0 99.0
92 12 31 16 043 04.1 04.5 99.00 99.00 99.00 999 1017.9  22.7  23.0 999.0 99.0
92 12 31 17 050 04.1 04.7 99.00 99.00 99.00 999 1017.3  23.1  23.1 999.0 99.0
92 12 31 18 067 05.3 06.2 99.00 99.00 99.00 999 1016.4  24.0  23.3 999.0 99.0
92 12 31 19 081 05.8 06.3 99.00 99.00 99.00 999 1015.9  24.3  23.4 999.0 99.0
92 12 31 20 087 06.6 07.5 99.00 99.00 99.00 999 1015.5  24.3  23.6 999.0 99.0
92 12 31 21 095 06.5 07.4 99.00 99.00 99.00 999 1015.5  24.3  23.6 999.0 99.0
92 12 31 22 088 05.7 06.2 99.00 99.00 99.00 999 1015.4  24.3  23.6 999.0 99.0
92 12 31 23 086 05.3 06.3 99.00 99.00 99.00 999 1016.0  24.1  23.6 999.0 99.0
